
call 1.bat

=1_1.py
[]

=1_2.py
8 3 8 2 
=1_3.py
0 5 4 5 ERR

=1_5.py
-10

=1_7.py
8 0 1 10 3 2 11 7 6 4 9 5

=1_8.py
1 2 3

call 2.bat

=2_1.py
[]

=2_2.py
[10, 11, 12, 13, '1', '1']

=2_3.py
0 5 5 5 2

=2_5.py
8

=2_7.py
0 9 8 3 10 5 6 2 7 4 1

=2_8.py
1 2 3 5 6

call 3.bat

=3_1.py


=3_2.py
75 69 43 41 
=3_3.py
0 5 4 5 ERR

=3_5.py
-5

=3_7.py
6 8 4 11 10 1 3 0 9 2 7 5

=3_8.py
2 5

call 4.bat

=4_1.py
b

=4_2.py
(28, 1) (51, 6) (20, 7) (53, 6) (12, 8) 
=4_3.py
0 2 5 2 ERR

=4_5.py
1

=4_7.py
2 0 10 7 1 6 5 3 9 8 4 11

=4_8.py
2 4 5 6

call 5.bat

=5_1.py
b

=5_2.py
['0', '1', '2', '3', [4, 5]]

=5_3.py
0 5 4 5 ERR

=5_5.py
1

=5_7.py
6 7 3 0 11 5 8 2 1 10 4 9

=5_8.py
3 4

call 6.bat

=6_1.py
0

=6_2.py
46 3 48 6 74 4 79 3 
=6_3.py
0 5 5 5 2

=6_5.py
1

=6_7.py
9 0 1 7 8 5 3 4 6 2 10

=6_8.py
3 4 5 6

call 7.bat

=7_1.py
error

=7_2.py
23 24 48 
=7_3.py
0 4 5 3

=7_5.py
4

=7_7.py
5 7 0 9 3 4 10 8 6 1 2

=7_8.py
1 6

call 8.bat

=8_1.py
error

=8_2.py
82 5 31 9 13 7 
=8_3.py
0 5 4 5 ERR

=8_5.py
-6

=8_7.py
3 2 10 6 0 5 4 9 1 7 8

=8_8.py
1 2 3 4 5

call 9.bat

=9_1.py
e

=9_2.py
4 0 4 3 9 
=9_3.py
0 1 5 3

=9_5.py
-2

=9_7.py
3 7 9 6 0 1 2 8 5 4 10

=9_8.py
1 4 5 6

call 10.bat

=10_1.py
error

=10_2.py
71 4 57 1 87 8 81 9 
=10_3.py
0 5 5 5 2

=10_5.py
5

=10_7.py
8 5 1 9 10 7 3 0 4 6 2

=10_8.py
2 4 6

call 11.bat

=11_1.py
('0', '2', '4', '6', '8')

=11_2.py
60 1 54 1 15 9 42 1 
=11_3.py
0 2 5 2 ERR

=11_5.py
7

=11_7.py
9 10 2 3 4 11 5 8 0 1 7 6

=11_8.py
1 2

call 12.bat

=12_1.py
1

=12_2.py
63 57 65 46 18 
=12_3.py
0 1 5 3

=12_5.py
3

=12_7.py
8 7 6 3 10 1 2 5 9 0 4

=12_8.py
4 5 6

call 13.bat

=13_1.py
()

=13_2.py
90 64 86 37 
=13_3.py
4 1 5 3

=13_5.py
2

=13_7.py
10 1 11 0 9 5 2 6 8 4 3 7

=13_8.py
2 3 5 6

call 14.bat

=14_1.py
error

=14_2.py
(16, 9) (68, 8) (43, 9) (40, 5) (72, 0) 
=14_3.py
0 1 5 3

=14_5.py
-7

=14_7.py
9 3 2 6 10 11 8 0 7 1 4 5

=14_8.py
2 5 6

call 15.bat

=15_1.py
b

=15_2.py
[1, 2]

=15_3.py
4 1 5 3

=15_5.py
2

=15_7.py
4 0 7 9 3 10 11 1 5 2 8 6

=15_8.py
1 2 4 5 6

call 16.bat

=16_1.py
error

=16_2.py
[[1, 2], '0', '1', '2', '3']

=16_3.py
0 1 5 3

=16_5.py
8

=16_7.py
9 1 4 8 5 3 10 6 2 7 0

=16_8.py
2 4

call 17.bat

=17_1.py
0

=17_2.py
[]

=17_3.py
0 4 5 3

=17_5.py
-2

=17_7.py
6 5 10 8 3 0 4 9 11 1 2 7

=17_8.py
1 2 4

call 18.bat

=18_1.py
0

=18_2.py
[1, 0, '0', '1', '2', '3']

=18_3.py
0 5 4 5 ERR

=18_5.py
-4

=18_7.py
10 2 3 7 4 9 5 1 8 6 0

=18_8.py
1 3 4 5 6

call 19.bat

=19_1.py
('1', '0')

=19_2.py
(28, 0) (17, 0) (58, 3) (38, 2) 
=19_3.py
0 4 5 3

=19_5.py
-9

=19_7.py
8 6 5 2 1 4 7 3 10 0 9

=19_8.py
1 5

call 20.bat

=20_1.py
[]

=20_2.py
1 7 6 1 4 
=20_3.py
0 1 5 3

=20_5.py
-1

=20_7.py
6 4 11 9 10 2 5 3 7 8 0 1

=20_8.py
1 2

call 21.bat

=21_1.py
a

=21_2.py
47 82 75 50 
=21_3.py
4 1 5 3

=21_5.py
4

=21_7.py
9 1 2 6 10 4 5 11 7 8 3 0

=21_8.py
1 2 4 5 6

call 22.bat

=22_1.py
[0, 2, 4, 6, 8]

=22_2.py
16 51 41 
=22_3.py
0 5 4 5 ERR

=22_5.py
-12

=22_7.py
6 7 10 2 0 1 9 8 4 3 5

=22_8.py
1 5

call 23.bat

=23_1.py
b

=23_2.py
90 1 55 9 46 5 26 4 41 1 75 6 
=23_3.py
0 5 5 5 2

=23_5.py
3

=23_7.py
2 0 7 8 3 6 9 1 11 10 5 4

=23_8.py
3 5 6

call 24.bat

=24_1.py
error

=24_2.py
84 8 25 8 51 0 47 5 
=24_3.py
0 1 5 3

=24_5.py
-2

=24_7.py
2 3 8 1 7 6 9 5 10 0 4

=24_8.py
1 5 6

call 25.bat

=25_1.py
630

=25_2.py
10 2 32 8 74 0 20 7 
=25_3.py
4 1 5 3

=25_5.py
7

=25_7.py
7 9 6 1 3 2 5 8 0 10 4

=25_8.py
2 4

call 26.bat

=26_1.py
e

=26_2.py
62 9 88 9 78 9 47 2 
=26_3.py
0 2 5 2 ERR

=26_5.py
-6

=26_7.py
0 9 5 7 6 3 10 1 2 8 4

=26_8.py
1 2 3 4

call 27.bat

=27_1.py
()

=27_2.py
(38, 6) (26, 4) (74, 4) (13, 7) 
=27_3.py
0 1 5 3

=27_5.py
6

=27_7.py
6 7 10 1 8 5 11 2 4 3 0 9

=27_8.py
1 2 4 5

call 28.bat

=28_1.py
['5', '4', '3', '2', '1', '0']

=28_2.py
65 62 79 15 
=28_3.py
0 1 5 3

=28_5.py
-2

=28_7.py
8 10 1 4 5 2 7 9 0 3 6

=28_8.py
1 2 3 4

call 29.bat

=29_1.py
[]

=29_2.py
43 70 48 
=29_3.py
0 5 4 5 ERR

=29_5.py
2

=29_7.py
8 4 0 1 10 3 2 7 6 9 5

=29_8.py
1 2 3 4 6

call 30.bat

=30_1.py
('9', '7', '5', '3', '1')

=30_2.py
8 6 2 5 1 
=30_3.py
0 4 5 3

=30_5.py
-9

=30_7.py
9 6 2 5 1 4 0 8 10 7 3

=30_8.py
1 3 4 6

call 31.bat

=31_1.py
error

=31_2.py
77 4 67 6 16 5 20 7 
=31_3.py
0 1 5 3

=31_5.py
8

=31_7.py
2 4 1 6 0 3 7 5 9 10 8

=31_8.py
1 4 5

call 32.bat

=32_1.py
error

=32_2.py
25 44 55 
=32_3.py
0 4 5 3

=32_5.py
-1

=32_7.py
6 10 8 11 9 4 3 5 1 0 2 7

=32_8.py
1 3 6

call 33.bat

=33_1.py
0

=33_2.py
34 8 13 9 22 0 69 2 
=33_3.py
0 5 ERR

=33_5.py
-5

=33_7.py
6 3 0 11 5 4 8 2 9 1 7 10

=33_8.py
1 4 5 6

call 34.bat

=34_1.py
d

=34_2.py
6 6 9 1 
=34_3.py
0 5 5 5 2

=34_5.py
-5

=34_7.py
5 6 8 4 0 1 9 3 7 10 2

=34_8.py
1 2 4

call 35.bat

=35_1.py
(0, 3, 6, 9)

=35_2.py
[11, 12, 13]

=35_3.py
4 1 5 3

=35_5.py
3

=35_7.py
2 8 6 7 11 4 0 1 9 3 10 5

=35_8.py
3 4 5 6

call 36.bat

=36_1.py
error

=36_2.py
21 57 89 32 
=36_3.py
0 5 4 5 ERR

=36_5.py
4

=36_7.py
4 10 1 2 0 11 7 3 8 5 9 6

=36_8.py
1 3 4 5 6

call 37.bat

=37_1.py
4

=37_2.py
(83, 7) (34, 6) (35, 9) 
=37_3.py
0 1 5 3

=37_5.py
4

=37_7.py
7 8 3 2 10 6 5 1 9 4 0

=37_8.py
1 2 3 4

call 38.bat

=38_1.py
c

=38_2.py
54 0 47 6 51 8 49 8 
=38_3.py
0 2 5 2 ERR

=38_5.py
5

=38_7.py
9 1 2 7 10 0 4 8 6 5 3 11

=38_8.py
3 4 5

call 39.bat

=39_1.py
error

=39_2.py
['0', '1', '1', '2', '3']

=39_3.py
0 1 5 3

=39_5.py
-7

=39_7.py
5 9 10 1 4 3 7 11 2 0 8 6

=39_8.py
1 2 5 6

call 40.bat

=40_1.py
[]

=40_2.py
4 2 9 
=40_3.py
4 1 5 3

=40_5.py
9

=40_7.py
10 7 1 11 9 4 6 8 2 0 3 5

=40_8.py
1 2 3 4 6

call 41.bat

=41_1.py
[5, 4, 3, 2, 1, 0]

=41_2.py
(87, 5) (47, 6) (88, 4) (33, 2) 
=41_3.py
0 5 4 5 ERR

=41_5.py
-1

=41_7.py
0 4 2 3 1 10 6 9 8 5 7

=41_8.py
3 4 6

call 42.bat

=42_1.py
()

=42_2.py
87 5 64 6 24 5 35 2 16 2 
=42_3.py
0 4 5 3

=42_5.py
-9

=42_7.py
4 7 0 11 3 1 10 8 6 2 9 5

=42_8.py
2 3 4 5 6

call 43.bat

=43_1.py
02468

=43_2.py
error

=43_3.py
0 5 5 5 2

=43_5.py
-8

=43_7.py
10 11 4 3 7 8 1 6 5 2 9 0

=43_8.py
1 2 4 5 6

call 44.bat

=44_1.py
()

=44_2.py
['0', '1', '2', '3', '1', '3']

=44_3.py
0 2 5 2 ERR

=44_5.py
13

=44_7.py
6 5 4 10 1 3 7 11 9 0 2 8

=44_8.py
1 2 3 5

call 45.bat

=45_1.py
error

=45_2.py
12 [10, 11, 13]

=45_3.py
0 5 4 5 ERR

=45_5.py
7

=45_7.py
7 11 10 8 9 3 0 4 6 5 2 1

=45_8.py
1 2 3 4 5

call 46.bat

=46_1.py
[2, 5, 8]

=46_2.py
[10, 11, 12, 13, '1', '1']

=46_3.py
0 5 4 5 ERR

=46_5.py
8

=46_7.py
6 3 0 11 8 5 7 9 2 4 10 1

=46_8.py
2 3 5 6

call 47.bat

=47_1.py
error

=47_2.py
15 69 30 
=47_3.py
0 5 5 5 2

=47_5.py
-6

=47_7.py
9 11 5 4 0 7 8 3 10 2 1 6

=47_8.py
1 2 3 6

call 48.bat

=48_1.py
[]

=48_2.py
30 55 79 88 
=48_3.py
0 1 5 3

=48_5.py
1

=48_7.py
1 8 3 7 10 4 9 5 0 6 11 2

=48_8.py
2 3 4 6

call 49.bat

=49_1.py
e

=49_2.py
error

=49_3.py
0 5 ERR

=49_5.py
4

=49_7.py
9 1 7 11 2 6 8 0 3 5 4 10

=49_8.py
1 2 4 5 6

call 50.bat

=50_1.py
(9,)

=50_2.py
(28, 2) (83, 1) (71, 9) (45, 8) (72, 4) 
=50_3.py
4 1 5 3

=50_5.py
-9

=50_7.py
5 4 8 7 6 1 0 3 10 2 9

=50_8.py
3 4 6

call 51.bat

=51_1.py
('9', '8', '7', '6', '5', '4', '3', '2', '1', '0')

=51_2.py
8 5 4 6 1 
=51_3.py
0 2 5 2 ERR

=51_5.py
6

=51_7.py
3 2 6 5 8 0 10 7 1 9 4

=51_8.py
1 2 3 4 5

call 52.bat

=52_1.py
error

=52_2.py
50 80 62 
=52_3.py
0 2 5 2 ERR

=52_5.py
3

=52_7.py
6 5 9 7 4 0 8 3 10 2 1

=52_8.py
1 2 5 6

call 53.bat

=53_1.py
0246

=53_2.py
[12]

=53_3.py
0 1 5 3

=53_5.py
4

=53_7.py
10 5 6 0 2 7 9 3 1 8 4

=53_8.py
1 3 4 5 6

call 54.bat

=54_1.py
(9, 6, 3)

=54_2.py
16 8 18 8 25 5 20 2 
=54_3.py
0 4 5 3

=54_5.py
-6

=54_7.py
2 8 0 3 1 4 10 6 5 9 7

=54_8.py
1 2 3

call 55.bat

=55_1.py
('9', '7', '5', '3', '1')

=55_2.py
11 [10, 12, 13]

=55_3.py
0 1 5 3

=55_5.py
0

=55_7.py
2 8 4 7 10 3 9 1 0 6 5

=55_8.py
1 3 4 6

call 56.bat

=56_1.py


=56_2.py
58 6 69 8 78 4 85 1 
=56_3.py
0 1 5 3

=56_5.py
0

=56_7.py
8 1 2 7 5 0 6 4 3 10 9

=56_8.py
1 3 4 6

call 57.bat

=57_1.py
d

=57_2.py
42 55 54 70 39 
=57_3.py
0 5 4 5 ERR

=57_5.py
-6

=57_7.py
7 5 0 8 11 2 1 3 9 6 4 10

=57_8.py
1 4 5

call 58.bat

=58_1.py
[8]

=58_2.py
23 22 17 87 
=58_3.py
0 4 5 3

=58_5.py
-5

=58_7.py
2 9 1 0 8 5 4 3 6 7 10

=58_8.py
1 2 6

call 59.bat

=59_1.py
['9', '8', '7']

=59_2.py
['0', '1', '2', '3', 1, 0]

=59_3.py
0 5 ERR

=59_5.py
3

=59_7.py
10 3 5 0 8 6 1 4 11 7 9 2

=59_8.py
2 3 4 5 6

call 60.bat

=60_1.py
error

=60_2.py
(75, 6) (13, 2) (47, 4) (15, 0) 
=60_3.py
0 2 5 2 ERR

=60_5.py
8

=60_7.py
0 11 3 1 10 5 2 8 9 6 7 4

=60_8.py
2 3 4 5
