0
[(0, 1), (0, 5), (0, 6), (1, 3), (1, 4), (1, 5), (2, 6), (3, 5), (4, 5), (4, 6)]
0
[(0, 1), (1, 3), (3, 5), (4, 5), (4, 6), (2, 6)]
[(0, 5), (0, 6), (1, 4), (1, 5)]
[(0, 5), (1, 5), (1, 4), (4, 5), (0, 6), (1, 3)]
[0, 0, 0, 1, 0, 1]

1
[(0, 2), (0, 3), (0, 4), (0, 5), (1, 5), (1, 6), (2, 3), (2, 5), (3, 5), (4, 6)]
0
[(0, 2), (2, 3), (3, 5), (1, 5), (1, 6), (4, 6)]
[(0, 3), (0, 4), (0, 5), (2, 5)]
[(2, 5), (2, 3), (1, 5), (0, 4), (3, 5), (0, 5)]
[0, 1, 1, 0, 1, 0]

2
[(0, 2), (0, 3), (1, 2), (1, 3), (2, 5), (2, 6), (3, 5), (3, 6), (4, 5)]
5
[(2, 5), (0, 2), (0, 3), (1, 3), (3, 6), (4, 5)]
[(1, 2), (2, 6), (3, 5)]
[(3, 5), (1, 2), (0, 3), (0, 2), (1, 3), (2, 6)]
[0, 0, 1, 1, 1, 0]

3
[(0, 2), (0, 3), (0, 6), (1, 2), (1, 5), (1, 6), (2, 3), (2, 5), (2, 6), (3, 6), (4, 5)]
3
[(0, 3), (0, 2), (1, 2), (1, 5), (4, 5), (1, 6)]
[(0, 6), (2, 3), (2, 5), (2, 6), (3, 6)]
[(4, 5), (2, 3), (0, 3), (3, 6), (1, 5), (1, 6)]
[1, 0, 1, 0, 1, 1]

4
[(0, 2), (0, 3), (0, 6), (1, 2), (1, 3), (1, 6), (2, 3), (2, 5), (4, 5), (5, 6)]
4
[(4, 5), (2, 5), (0, 2), (0, 3), (1, 3), (1, 6)]
[(0, 6), (1, 2), (2, 3), (5, 6)]
[(0, 6), (2, 3), (1, 6), (1, 3), (0, 2), (0, 3)]
[0, 0, 1, 1, 1, 1]

5
[(0, 3), (0, 4), (0, 5), (1, 5), (1, 6), (2, 4), (2, 5), (2, 6), (3, 5), (4, 5)]
2
[(2, 4), (0, 4), (0, 3), (3, 5), (1, 5), (1, 6)]
[(0, 5), (2, 5), (2, 6), (4, 5)]
[(2, 6), (3, 5), (0, 4), (2, 5), (0, 3), (0, 5)]
[0, 1, 1, 0, 1, 0]

6
[(0, 2), (0, 4), (0, 5), (1, 2), (2, 4), (3, 4), (3, 6), (4, 5), (5, 6)]
0
[(0, 2), (1, 2), (2, 4), (3, 4), (3, 6), (5, 6)]
[(0, 4), (0, 5), (4, 5)]
[(0, 4), (2, 4), (4, 5), (5, 6), (0, 5), (3, 6)]
[0, 1, 0, 1, 0, 1]

7
[(0, 1), (0, 4), (1, 2), (1, 5), (2, 3), (2, 5), (2, 6), (3, 5), (4, 6), (5, 6)]
3
[(2, 3), (1, 2), (0, 1), (0, 4), (4, 6), (5, 6)]
[(1, 5), (2, 5), (2, 6), (3, 5)]
[(1, 2), (1, 5), (5, 6), (0, 1), (0, 4), (2, 6)]
[1, 0, 1, 1, 1, 0]

8
[(0, 1), (0, 3), (0, 5), (0, 6), (1, 3), (2, 5), (2, 6), (4, 5), (4, 6), (5, 6)]
4
[(4, 5), (0, 5), (0, 1), (1, 3), (0, 6), (2, 6)]
[(0, 3), (2, 5), (4, 6), (5, 6)]
[(2, 5), (1, 3), (0, 6), (2, 6), (4, 5), (0, 3)]
[0, 1, 1, 1, 1, 0]

9
[(0, 2), (0, 4), (0, 5), (1, 3), (1, 4), (2, 6), (3, 4), (3, 5), (5, 6)]
6
[(2, 6), (0, 2), (0, 4), (1, 4), (1, 3), (3, 5)]
[(0, 5), (3, 4), (5, 6)]
[(2, 6), (0, 2), (5, 6), (3, 4), (0, 5), (3, 5)]
[1, 1, 0, 0, 0, 1]

10
[(0, 1), (0, 2), (0, 3), (0, 5), (1, 4), (1, 6), (2, 4), (2, 6), (4, 5), (4, 6), (5, 6)]
1
[(0, 1), (0, 2), (2, 4), (4, 5), (5, 6), (0, 3)]
[(0, 5), (1, 4), (1, 6), (2, 6), (4, 6)]
[(4, 6), (4, 5), (5, 6), (2, 4), (0, 3), (0, 2)]
[0, 1, 1, 1, 1, 1]

11
[(0, 3), (0, 4), (0, 5), (0, 6), (1, 4), (2, 3), (2, 4), (2, 5), (3, 6), (4, 6), (5, 6)]
1
[(1, 4), (0, 4), (0, 3), (2, 3), (2, 5), (5, 6)]
[(0, 5), (0, 6), (2, 4), (3, 6), (4, 6)]
[(2, 4), (4, 6), (5, 6), (0, 3), (3, 6), (0, 5)]
[0, 0, 1, 1, 0, 0]

12
[(0, 1), (0, 2), (0, 3), (0, 4), (0, 5), (0, 6), (1, 4), (2, 5), (3, 6)]
1
[(0, 1), (0, 2), (2, 5), (0, 3), (3, 6), (0, 4)]
[(0, 5), (0, 6), (1, 4)]
[(0, 4), (1, 4), (3, 6), (0, 3), (0, 6), (0, 5)]
[1, 0, 1, 1, 0, 0]

13
[(0, 3), (0, 5), (1, 3), (1, 5), (2, 3), (2, 5), (3, 4), (3, 6), (4, 6), (5, 6)]
0
[(0, 3), (1, 3), (1, 5), (2, 5), (5, 6), (4, 6)]
[(0, 5), (2, 3), (3, 4), (3, 6)]
[(2, 3), (0, 5), (3, 6), (1, 3), (2, 5), (3, 4)]
[0, 0, 0, 1, 1, 0]

14
[(0, 1), (0, 4), (0, 5), (0, 6), (1, 2), (1, 6), (2, 3), (3, 4), (3, 5), (4, 5)]
1
[(0, 1), (0, 4), (3, 4), (2, 3), (3, 5), (0, 6)]
[(0, 5), (1, 2), (1, 6), (4, 5)]
[(0, 6), (4, 5), (3, 4), (1, 2), (2, 3), (3, 5)]
[1, 0, 1, 0, 1, 1]

15
[(0, 2), (0, 5), (1, 2), (1, 4), (1, 5), (2, 3), (2, 6), (3, 5), (3, 6), (4, 5)]
0
[(0, 2), (1, 2), (1, 4), (4, 5), (3, 5), (3, 6)]
[(0, 5), (1, 5), (2, 3), (2, 6)]
[(1, 5), (0, 5), (1, 2), (4, 5), (3, 6), (2, 6)]
[0, 0, 1, 1, 1, 0]

16
[(0, 2), (0, 4), (0, 5), (0, 6), (1, 2), (1, 5), (2, 4), (3, 5), (3, 6), (4, 6)]
0
[(0, 2), (1, 2), (1, 5), (3, 5), (3, 6), (4, 6)]
[(0, 4), (0, 5), (0, 6), (2, 4)]
[(0, 2), (0, 4), (3, 5), (1, 2), (1, 5), (3, 6)]
[1, 0, 1, 1, 1, 1]

17
[(0, 1), (0, 4), (0, 6), (1, 3), (1, 4), (1, 6), (2, 3), (2, 4), (2, 5), (3, 5)]
3
[(1, 3), (0, 1), (0, 4), (2, 4), (2, 5), (0, 6)]
[(1, 4), (1, 6), (2, 3), (3, 5)]
[(0, 4), (1, 6), (0, 1), (2, 4), (0, 6), (1, 4)]
[1, 0, 1, 1, 1, 0]

18
[(0, 1), (0, 2), (0, 4), (1, 5), (1, 6), (2, 5), (2, 6), (3, 4), (4, 5), (4, 6)]
1
[(0, 1), (0, 2), (2, 5), (4, 5), (3, 4), (4, 6)]
[(0, 4), (1, 5), (1, 6), (2, 6)]
[(2, 5), (0, 2), (4, 6), (4, 5), (3, 4), (1, 6)]
[1, 1, 1, 1, 1, 0]

19
[(0, 5), (0, 6), (1, 2), (2, 3), (2, 4), (2, 5), (2, 6), (3, 4), (3, 5), (5, 6)]
4
[(2, 4), (1, 2), (2, 3), (3, 5), (0, 5), (0, 6)]
[(2, 5), (2, 6), (3, 4), (5, 6)]
[(2, 5), (1, 2), (2, 6), (5, 6), (2, 3), (3, 4)]
[0, 1, 0, 0, 1, 0]

20
[(0, 4), (0, 5), (1, 5), (1, 6), (2, 5), (2, 6), (3, 5), (3, 6), (4, 6), (5, 6)]
1
[(1, 5), (0, 5), (0, 4), (4, 6), (2, 6), (3, 6)]
[(1, 6), (2, 5), (3, 5), (5, 6)]
[(2, 6), (4, 6), (0, 5), (5, 6), (0, 4), (1, 5)]
[1, 1, 1, 0, 1, 1]

21
[(0, 3), (0, 5), (1, 3), (1, 4), (1, 5), (2, 5), (3, 4), (4, 6), (5, 6)]
5
[(0, 5), (0, 3), (1, 3), (1, 4), (4, 6), (2, 5)]
[(1, 5), (3, 4), (5, 6)]
[(1, 5), (4, 6), (3, 4), (1, 3), (5, 6), (0, 3)]
[0, 1, 0, 1, 0, 1]

22
[(0, 1), (1, 3), (1, 5), (1, 6), (2, 4), (3, 4), (3, 5), (3, 6), (4, 5), (4, 6), (5, 6)]
3
[(1, 3), (0, 1), (1, 5), (4, 5), (2, 4), (4, 6)]
[(1, 6), (3, 4), (3, 5), (3, 6), (5, 6)]
[(3, 6), (2, 4), (4, 6), (1, 5), (3, 5), (1, 3)]
[0, 1, 1, 1, 0, 1]

23
[(0, 1), (0, 2), (0, 6), (1, 2), (2, 3), (2, 5), (2, 6), (3, 4), (3, 5), (3, 6)]
2
[(0, 2), (0, 1), (0, 6), (3, 6), (3, 4), (3, 5)]
[(1, 2), (2, 3), (2, 5), (2, 6)]
[(1, 2), (2, 3), (3, 6), (0, 1), (2, 5), (3, 5)]
[0, 0, 1, 1, 0, 1]

24
[(0, 1), (0, 5), (1, 4), (2, 4), (2, 5), (3, 5), (3, 6), (4, 5), (5, 6)]
6
[(3, 6), (3, 5), (0, 5), (0, 1), (1, 4), (2, 4)]
[(2, 5), (4, 5), (5, 6)]
[(0, 1), (3, 6), (4, 5), (2, 5), (1, 4), (5, 6)]
[1, 1, 0, 0, 1, 0]

25
[(0, 1), (0, 6), (1, 2), (1, 3), (1, 4), (1, 6), (2, 4), (2, 6), (3, 6), (4, 5)]
5
[(4, 5), (1, 4), (0, 1), (0, 6), (2, 6), (3, 6)]
[(1, 2), (1, 3), (1, 6), (2, 4)]
[(4, 5), (1, 6), (3, 6), (0, 1), (2, 6), (1, 4)]
[1, 0, 1, 1, 1, 1]

26
[(0, 1), (0, 2), (0, 6), (1, 2), (1, 6), (2, 4), (3, 4), (3, 6), (4, 5), (5, 6)]
6
[(0, 6), (0, 1), (1, 2), (2, 4), (3, 4), (4, 5)]
[(0, 2), (1, 6), (3, 6), (5, 6)]
[(3, 6), (0, 6), (4, 5), (0, 1), (5, 6), (1, 6)]
[0, 1, 1, 1, 0, 0]

27
[(0, 1), (0, 2), (0, 3), (0, 4), (0, 5), (0, 6), (1, 4), (2, 4), (2, 5), (3, 5), (5, 6)]
1
[(0, 1), (0, 2), (2, 4), (2, 5), (3, 5), (5, 6)]
[(0, 3), (0, 4), (0, 5), (0, 6), (1, 4)]
[(0, 3), (0, 5), (0, 2), (0, 4), (0, 1), (2, 4)]
[0, 0, 1, 0, 1, 1]

28
[(0, 1), (0, 5), (1, 2), (1, 6), (2, 3), (2, 4), (3, 4), (3, 5), (5, 6)]
4
[(2, 4), (1, 2), (0, 1), (0, 5), (3, 5), (5, 6)]
[(1, 6), (2, 3), (3, 4)]
[(3, 5), (1, 2), (0, 1), (2, 3), (3, 4), (2, 4)]
[1, 1, 1, 0, 0, 1]

29
[(0, 3), (1, 2), (1, 3), (1, 4), (1, 5), (1, 6), (2, 3), (2, 6), (3, 4), (4, 6), (5, 6)]
5
[(1, 5), (1, 2), (2, 3), (0, 3), (3, 4), (4, 6)]
[(1, 3), (1, 4), (1, 6), (2, 6), (5, 6)]
[(1, 4), (1, 6), (4, 6), (1, 2), (2, 3), (5, 6)]
[0, 0, 1, 1, 1, 0]

30
[(0, 4), (0, 5), (1, 4), (1, 6), (2, 3), (2, 5), (3, 6), (4, 5), (5, 6)]
3
[(2, 3), (2, 5), (0, 5), (0, 4), (1, 4), (1, 6)]
[(3, 6), (4, 5), (5, 6)]
[(1, 4), (2, 5), (5, 6), (1, 6), (3, 6), (0, 5)]
[1, 1, 0, 1, 0, 1]

31
[(0, 2), (0, 3), (0, 6), (1, 4), (1, 6), (2, 5), (2, 6), (3, 6), (4, 6)]
5
[(2, 5), (0, 2), (0, 3), (3, 6), (1, 6), (1, 4)]
[(0, 6), (2, 6), (4, 6)]
[(0, 2), (3, 6), (0, 6), (4, 6), (2, 6), (1, 6)]
[1, 1, 0, 0, 0, 1]

32
[(0, 1), (0, 3), (0, 6), (1, 2), (1, 5), (2, 5), (2, 6), (3, 4), (3, 6)]
0
[(0, 1), (1, 2), (2, 5), (2, 6), (3, 6), (3, 4)]
[(0, 3), (0, 6), (1, 5)]
[(0, 1), (2, 6), (0, 3), (2, 5), (3, 4), (0, 6)]
[1, 1, 0, 1, 1, 0]

33
[(0, 1), (0, 3), (1, 2), (1, 3), (1, 4), (1, 5), (1, 6), (2, 6), (3, 6), (4, 6)]
5
[(1, 5), (0, 1), (0, 3), (3, 6), (2, 6), (4, 6)]
[(1, 2), (1, 3), (1, 4), (1, 6)]
[(4, 6), (1, 5), (1, 2), (0, 3), (0, 1), (1, 4)]
[1, 1, 0, 1, 1, 0]

34
[(0, 2), (0, 4), (0, 5), (0, 6), (1, 2), (2, 3), (2, 6), (3, 4), (3, 5), (3, 6), (5, 6)]
6
[(0, 6), (0, 2), (1, 2), (2, 3), (3, 4), (3, 5)]
[(0, 4), (0, 5), (2, 6), (3, 6), (5, 6)]
[(1, 2), (5, 6), (2, 3), (0, 2), (3, 5), (3, 4)]
[1, 0, 1, 1, 1, 1]

35
[(0, 2), (0, 5), (1, 2), (1, 5), (2, 4), (2, 6), (3, 5), (3, 6), (4, 5)]
6
[(2, 6), (0, 2), (0, 5), (1, 5), (3, 5), (4, 5)]
[(1, 2), (2, 4), (3, 6)]
[(2, 6), (0, 5), (3, 6), (4, 5), (0, 2), (1, 5)]
[1, 1, 0, 1, 1, 1]

36
[(0, 2), (0, 3), (0, 4), (0, 5), (1, 2), (1, 3), (1, 4), (1, 5), (2, 5), (2, 6), (3, 4)]
5
[(0, 5), (0, 2), (1, 2), (1, 3), (3, 4), (2, 6)]
[(0, 3), (0, 4), (1, 4), (1, 5), (2, 5)]
[(0, 2), (2, 5), (1, 4), (0, 3), (2, 6), (1, 5)]
[1, 0, 0, 0, 1, 0]

37
[(0, 3), (0, 4), (0, 5), (0, 6), (1, 2), (2, 4), (3, 4), (3, 6), (4, 5), (4, 6), (5, 6)]
3
[(0, 3), (0, 4), (2, 4), (1, 2), (4, 5), (5, 6)]
[(0, 5), (0, 6), (3, 4), (3, 6), (4, 6)]
[(0, 5), (2, 4), (0, 4), (1, 2), (0, 6), (0, 3)]
[0, 1, 1, 1, 0, 1]

38
[(0, 1), (0, 2), (0, 6), (1, 2), (1, 4), (1, 6), (2, 3), (3, 6), (4, 6), (5, 6)]
5
[(5, 6), (0, 6), (0, 1), (1, 2), (2, 3), (1, 4)]
[(0, 2), (1, 6), (3, 6), (4, 6)]
[(1, 4), (3, 6), (0, 1), (5, 6), (1, 6), (0, 2)]
[1, 0, 1, 1, 0, 0]

39
[(0, 2), (1, 2), (1, 4), (1, 5), (1, 6), (2, 4), (2, 6), (3, 5), (3, 6), (4, 5)]
4
[(1, 4), (1, 2), (0, 2), (2, 6), (3, 6), (3, 5)]
[(1, 5), (1, 6), (2, 4), (4, 5)]
[(2, 6), (1, 5), (3, 5), (3, 6), (1, 4), (1, 2)]
[1, 0, 1, 1, 1, 1]

40
[(0, 1), (0, 4), (0, 6), (1, 4), (2, 3), (2, 4), (2, 6), (3, 6), (4, 5), (4, 6), (5, 6)]
6
[(0, 6), (0, 1), (1, 4), (2, 4), (2, 3), (4, 5)]
[(0, 4), (2, 6), (3, 6), (4, 6), (5, 6)]
[(0, 1), (2, 3), (2, 4), (0, 4), (1, 4), (4, 5)]
[1, 1, 1, 0, 1, 1]

41
[(0, 2), (0, 6), (1, 2), (1, 3), (2, 4), (2, 5), (2, 6), (4, 6), (5, 6)]
3
[(1, 3), (1, 2), (0, 2), (0, 6), (4, 6), (5, 6)]
[(2, 4), (2, 5), (2, 6)]
[(4, 6), (2, 6), (2, 4), (1, 3), (0, 6), (2, 5)]
[1, 0, 0, 1, 1, 0]

42
[(0, 1), (0, 3), (0, 4), (1, 2), (1, 3), (1, 6), (3, 4), (3, 5), (3, 6), (4, 5), (5, 6)]
5
[(3, 5), (0, 3), (0, 1), (1, 2), (1, 6), (0, 4)]
[(1, 3), (3, 4), (3, 6), (4, 5), (5, 6)]
[(0, 4), (3, 4), (3, 6), (5, 6), (0, 3), (0, 1)]
[1, 0, 0, 0, 1, 1]

43
[(0, 1), (0, 2), (0, 5), (0, 6), (1, 4), (1, 5), (2, 5), (2, 6), (3, 4), (5, 6)]
1
[(0, 1), (0, 2), (2, 5), (5, 6), (1, 4), (3, 4)]
[(0, 5), (0, 6), (1, 5), (2, 6)]
[(3, 4), (1, 4), (2, 5), (0, 6), (0, 2), (0, 1)]
[1, 1, 1, 0, 1, 1]

44
[(0, 1), (0, 6), (1, 2), (1, 4), (1, 5), (2, 3), (2, 5), (2, 6), (3, 6), (4, 6)]
4
[(1, 4), (0, 1), (0, 6), (2, 6), (2, 3), (2, 5)]
[(1, 2), (1, 5), (3, 6), (4, 6)]
[(1, 5), (4, 6), (1, 4), (3, 6), (0, 6), (1, 2)]
[0, 0, 1, 0, 1, 0]

45
[(0, 1), (0, 3), (0, 5), (0, 6), (1, 2), (2, 3), (2, 5), (3, 5), (4, 6)]
2
[(1, 2), (0, 1), (0, 3), (3, 5), (0, 6), (4, 6)]
[(0, 5), (2, 3), (2, 5)]
[(2, 5), (0, 5), (0, 6), (3, 5), (2, 3), (0, 3)]
[0, 0, 1, 1, 0, 1]

46
[(0, 1), (0, 2), (0, 4), (1, 3), (1, 5), (1, 6), (2, 6), (3, 5), (4, 6)]
3
[(1, 3), (0, 1), (0, 2), (2, 6), (4, 6), (1, 5)]
[(0, 4), (1, 6), (3, 5)]
[(1, 3), (3, 5), (0, 2), (0, 1), (4, 6), (2, 6)]
[1, 0, 1, 1, 1, 1]

47
[(0, 1), (0, 2), (0, 4), (0, 5), (1, 3), (1, 4), (2, 3), (2, 5), (3, 4), (3, 5), (3, 6)]
2
[(0, 2), (0, 1), (1, 3), (3, 4), (3, 5), (3, 6)]
[(0, 4), (0, 5), (1, 4), (2, 3), (2, 5)]
[(1, 4), (0, 2), (1, 3), (0, 5), (3, 4), (0, 1)]
[0, 1, 1, 0, 1, 1]

48
[(0, 2), (0, 3), (0, 5), (1, 2), (1, 3), (1, 5), (2, 6), (3, 4), (4, 6), (5, 6)]
3
[(0, 3), (0, 2), (1, 2), (1, 5), (5, 6), (4, 6)]
[(0, 5), (1, 3), (2, 6), (3, 4)]
[(2, 6), (3, 4), (0, 2), (4, 6), (0, 5), (5, 6)]
[0, 0, 1, 1, 0, 1]

49
[(0, 1), (0, 3), (1, 3), (1, 5), (1, 6), (2, 6), (3, 4), (3, 6), (4, 5), (4, 6), (5, 6)]
5
[(1, 5), (0, 1), (0, 3), (3, 4), (4, 6), (2, 6)]
[(1, 3), (1, 6), (3, 6), (4, 5), (5, 6)]
[(4, 5), (4, 6), (2, 6), (0, 1), (1, 5), (3, 6)]
[0, 1, 1, 1, 1, 0]

50
[(0, 1), (0, 5), (0, 6), (1, 3), (1, 4), (2, 3), (2, 4), (3, 5), (4, 6), (5, 6)]
3
[(1, 3), (0, 1), (0, 5), (5, 6), (4, 6), (2, 4)]
[(0, 6), (1, 4), (2, 3), (3, 5)]
[(5, 6), (0, 1), (2, 3), (2, 4), (1, 3), (4, 6)]
[1, 1, 0, 1, 1, 1]

51
[(0, 2), (0, 5), (0, 6), (1, 2), (1, 3), (1, 4), (2, 3), (2, 5), (5, 6)]
1
[(1, 2), (0, 2), (0, 5), (5, 6), (2, 3), (1, 4)]
[(0, 6), (1, 3), (2, 5)]
[(2, 5), (0, 2), (1, 4), (0, 5), (1, 3), (0, 6)]
[0, 1, 1, 1, 0, 0]

52
[(0, 1), (0, 2), (0, 3), (0, 4), (0, 5), (0, 6), (1, 6), (2, 3), (3, 5)]
1
[(0, 1), (0, 2), (2, 3), (3, 5), (0, 4), (0, 6)]
[(0, 3), (0, 5), (1, 6)]
[(0, 4), (0, 5), (0, 2), (1, 6), (0, 6), (0, 1)]
[1, 0, 1, 0, 1, 1]

53
[(0, 2), (0, 4), (0, 5), (1, 2), (1, 4), (2, 3), (2, 5), (2, 6), (3, 4), (4, 5)]
3
[(2, 3), (0, 2), (0, 4), (1, 4), (4, 5), (2, 6)]
[(0, 5), (1, 2), (2, 5), (3, 4)]
[(4, 5), (2, 3), (2, 5), (2, 6), (0, 4), (0, 2)]
[1, 1, 0, 1, 1, 1]

54
[(0, 4), (1, 2), (1, 6), (2, 3), (2, 4), (3, 4), (3, 5), (3, 6), (4, 6), (5, 6)]
4
[(0, 4), (2, 4), (1, 2), (1, 6), (3, 6), (3, 5)]
[(2, 3), (3, 4), (4, 6), (5, 6)]
[(0, 4), (1, 2), (3, 6), (2, 4), (3, 4), (1, 6)]
[1, 1, 1, 1, 0, 1]

55
[(0, 2), (1, 3), (2, 3), (2, 4), (2, 5), (2, 6), (3, 4), (3, 6), (4, 5), (4, 6)]
1
[(1, 3), (2, 3), (0, 2), (2, 4), (4, 5), (4, 6)]
[(2, 5), (2, 6), (3, 4), (3, 6)]
[(2, 6), (0, 2), (4, 6), (3, 6), (2, 5), (2, 4)]
[0, 1, 1, 0, 0, 1]

56
[(0, 1), (0, 2), (0, 4), (0, 6), (1, 2), (1, 4), (2, 4), (2, 6), (3, 4), (5, 6)]
3
[(3, 4), (0, 4), (0, 1), (1, 2), (2, 6), (5, 6)]
[(0, 2), (0, 6), (1, 4), (2, 4)]
[(2, 6), (1, 2), (0, 1), (1, 4), (0, 6), (3, 4)]
[1, 1, 1, 0, 0, 1]

57
[(0, 4), (1, 2), (1, 3), (1, 5), (1, 6), (2, 3), (2, 5), (2, 6), (3, 5), (4, 5)]
1
[(1, 2), (2, 3), (3, 5), (4, 5), (0, 4), (2, 6)]
[(1, 3), (1, 5), (1, 6), (2, 5)]
[(1, 6), (2, 5), (4, 5), (1, 3), (1, 5), (0, 4)]
[0, 0, 1, 0, 0, 1]

58
[(0, 1), (0, 3), (0, 6), (1, 2), (1, 4), (1, 6), (2, 4), (2, 5), (3, 6), (4, 5)]
4
[(1, 4), (0, 1), (0, 3), (3, 6), (1, 2), (2, 5)]
[(0, 6), (1, 6), (2, 4), (4, 5)]
[(2, 4), (0, 6), (0, 1), (4, 5), (1, 6), (0, 3)]
[0, 0, 1, 0, 0, 1]

59
[(0, 1), (0, 4), (0, 5), (0, 6), (1, 2), (1, 3), (1, 4), (1, 5), (2, 5), (3, 5), (4, 5)]
4
[(0, 4), (0, 1), (1, 2), (2, 5), (3, 5), (0, 6)]
[(0, 5), (1, 3), (1, 4), (1, 5), (4, 5)]
[(4, 5), (2, 5), (3, 5), (1, 3), (0, 5), (1, 5)]
[0, 1, 1, 0, 0, 0]

60
[(0, 2), (1, 2), (1, 5), (1, 6), (2, 3), (2, 5), (3, 5), (3, 6), (4, 6), (5, 6)]
5
[(1, 5), (1, 2), (0, 2), (2, 3), (3, 6), (4, 6)]
[(1, 6), (2, 5), (3, 5), (5, 6)]
[(1, 5), (3, 6), (2, 5), (0, 2), (1, 6), (1, 2)]
[1, 1, 0, 1, 0, 1]

61
[(0, 1), (0, 4), (0, 5), (1, 2), (1, 4), (2, 3), (2, 5), (3, 4), (3, 6), (4, 6)]
3
[(2, 3), (1, 2), (0, 1), (0, 4), (4, 6), (0, 5)]
[(1, 4), (2, 5), (3, 4), (3, 6)]
[(2, 3), (1, 4), (2, 5), (0, 5), (3, 4), (3, 6)]
[1, 0, 0, 1, 0, 0]

62
[(0, 1), (0, 4), (0, 5), (0, 6), (1, 5), (1, 6), (2, 4), (3, 5), (4, 5), (4, 6)]
1
[(0, 1), (0, 4), (2, 4), (4, 5), (3, 5), (4, 6)]
[(0, 5), (0, 6), (1, 5), (1, 6)]
[(4, 5), (1, 5), (0, 1), (0, 5), (1, 6), (0, 4)]
[1, 0, 1, 0, 0, 1]

63
[(0, 2), (0, 4), (0, 5), (0, 6), (1, 4), (1, 5), (2, 3), (2, 6), (4, 5), (4, 6), (5, 6)]
6
[(0, 6), (0, 2), (2, 3), (0, 4), (1, 4), (1, 5)]
[(0, 5), (2, 6), (4, 5), (4, 6), (5, 6)]
[(4, 6), (0, 2), (0, 6), (2, 6), (1, 5), (1, 4)]
[0, 1, 1, 0, 1, 1]

64
[(0, 2), (0, 4), (0, 6), (1, 5), (1, 6), (2, 4), (2, 6), (3, 6), (4, 6), (5, 6)]
5
[(1, 5), (1, 6), (0, 6), (0, 2), (2, 4), (3, 6)]
[(0, 4), (2, 6), (4, 6), (5, 6)]
[(0, 4), (2, 6), (4, 6), (5, 6), (0, 6), (1, 6)]
[0, 0, 0, 0, 1, 1]

65
[(0, 1), (0, 2), (0, 5), (1, 2), (1, 5), (2, 5), (2, 6), (3, 4), (3, 5), (5, 6)]
5
[(0, 5), (0, 1), (1, 2), (2, 6), (3, 5), (3, 4)]
[(0, 2), (1, 5), (2, 5), (5, 6)]
[(3, 5), (0, 1), (2, 6), (3, 4), (0, 5), (0, 2)]
[1, 1, 1, 1, 1, 0]

66
[(0, 2), (0, 3), (1, 4), (1, 6), (2, 5), (3, 4), (3, 6), (4, 5), (4, 6)]
0
[(0, 2), (2, 5), (4, 5), (1, 4), (1, 6), (3, 6)]
[(0, 3), (3, 4), (4, 6)]
[(0, 2), (3, 4), (3, 6), (0, 3), (4, 5), (4, 6)]
[1, 0, 1, 0, 1, 0]

67
[(0, 1), (0, 2), (0, 4), (1, 2), (1, 6), (2, 5), (2, 6), (3, 4), (5, 6)]
2
[(0, 2), (0, 1), (1, 6), (5, 6), (0, 4), (3, 4)]
[(1, 2), (2, 5), (2, 6)]
[(2, 5), (3, 4), (0, 1), (5, 6), (1, 2), (0, 2)]
[0, 1, 1, 1, 0, 1]

68
[(0, 1), (0, 5), (1, 2), (1, 3), (1, 4), (1, 6), (2, 5), (3, 5), (4, 5), (5, 6)]
6
[(1, 6), (0, 1), (0, 5), (2, 5), (3, 5), (4, 5)]
[(1, 2), (1, 3), (1, 4), (5, 6)]
[(0, 5), (1, 6), (2, 5), (0, 1), (4, 5), (1, 4)]
[1, 1, 1, 1, 1, 0]

69
[(0, 1), (0, 2), (0, 3), (0, 6), (1, 2), (1, 3), (1, 6), (2, 6), (3, 4), (3, 5), (3, 6)]
1
[(0, 1), (0, 2), (2, 6), (3, 6), (3, 4), (3, 5)]
[(0, 3), (0, 6), (1, 2), (1, 3), (1, 6)]
[(1, 6), (3, 4), (3, 6), (0, 2), (2, 6), (0, 1)]
[0, 1, 1, 1, 1, 1]

70
[(0, 1), (0, 2), (0, 3), (0, 4), (1, 3), (1, 5), (1, 6), (2, 6), (3, 6), (4, 5)]
2
[(0, 2), (0, 1), (1, 3), (3, 6), (1, 5), (4, 5)]
[(0, 3), (0, 4), (1, 6), (2, 6)]
[(1, 6), (2, 6), (0, 2), (0, 1), (0, 3), (0, 4)]
[0, 0, 1, 1, 0, 0]

71
[(0, 2), (0, 3), (0, 4), (0, 5), (0, 6), (1, 6), (2, 3), (2, 4), (2, 6), (3, 6), (4, 6)]
6
[(0, 6), (0, 2), (2, 3), (2, 4), (0, 5), (1, 6)]
[(0, 3), (0, 4), (2, 6), (3, 6), (4, 6)]
[(2, 3), (0, 2), (2, 4), (4, 6), (0, 4), (0, 5)]
[1, 1, 1, 0, 0, 1]

72
[(0, 4), (0, 6), (1, 3), (1, 4), (1, 6), (2, 6), (3, 4), (4, 5), (5, 6)]
4
[(0, 4), (0, 6), (1, 6), (1, 3), (2, 6), (5, 6)]
[(1, 4), (3, 4), (4, 5)]
[(1, 4), (1, 6), (4, 5), (1, 3), (0, 4), (3, 4)]
[0, 1, 0, 1, 1, 0]

73
[(0, 1), (0, 4), (0, 6), (1, 2), (1, 5), (2, 4), (2, 5), (3, 6), (4, 6), (5, 6)]
2
[(1, 2), (0, 1), (0, 4), (4, 6), (3, 6), (5, 6)]
[(0, 6), (1, 5), (2, 4), (2, 5)]
[(0, 6), (3, 6), (4, 6), (2, 4), (1, 2), (0, 1)]
[0, 1, 1, 0, 1, 1]

74
[(0, 1), (0, 2), (0, 3), (0, 4), (0, 6), (1, 2), (1, 3), (1, 4), (2, 5), (3, 5)]
0
[(0, 1), (1, 2), (2, 5), (3, 5), (1, 4), (0, 6)]
[(0, 2), (0, 3), (0, 4), (1, 3)]
[(0, 1), (1, 3), (1, 2), (3, 5), (0, 6), (1, 4)]
[1, 0, 1, 1, 1, 1]

75
[(0, 1), (0, 2), (0, 3), (0, 4), (1, 4), (1, 5), (2, 5), (3, 4), (4, 6), (5, 6)]
4
[(0, 4), (0, 1), (1, 5), (2, 5), (5, 6), (0, 3)]
[(0, 2), (1, 4), (3, 4), (4, 6)]
[(2, 5), (0, 3), (0, 1), (5, 6), (1, 4), (0, 4)]
[1, 1, 1, 1, 0, 1]

76
[(0, 3), (0, 4), (0, 6), (1, 4), (1, 5), (2, 3), (2, 4), (3, 5), (3, 6)]
1
[(1, 4), (0, 4), (0, 3), (2, 3), (3, 5), (3, 6)]
[(0, 6), (1, 5), (2, 4)]
[(3, 5), (2, 4), (3, 6), (0, 3), (2, 3), (1, 4)]
[1, 0, 1, 1, 1, 1]

77
[(0, 1), (0, 3), (1, 3), (1, 4), (1, 5), (1, 6), (2, 4), (2, 5), (2, 6)]
0
[(0, 1), (1, 3), (1, 4), (2, 4), (2, 5), (2, 6)]
[(0, 3), (1, 5), (1, 6)]
[(0, 1), (2, 6), (2, 5), (0, 3), (1, 5), (1, 6)]
[1, 1, 1, 0, 0, 0]

78
[(0, 1), (0, 3), (0, 6), (1, 2), (1, 4), (1, 5), (1, 6), (2, 5), (2, 6), (4, 5), (5, 6)]
5
[(1, 5), (0, 1), (0, 3), (0, 6), (2, 6), (1, 4)]
[(1, 2), (1, 6), (2, 5), (4, 5), (5, 6)]
[(1, 5), (1, 6), (1, 2), (0, 1), (2, 5), (5, 6)]
[1, 0, 0, 1, 0, 0]

79
[(0, 1), (0, 2), (0, 4), (1, 4), (1, 5), (2, 4), (3, 4), (3, 5), (4, 5), (4, 6)]
0
[(0, 1), (1, 4), (2, 4), (3, 4), (3, 5), (4, 6)]
[(0, 2), (0, 4), (1, 5), (4, 5)]
[(4, 5), (1, 5), (3, 4), (0, 2), (0, 1), (1, 4)]
[0, 0, 1, 0, 1, 1]

80
[(0, 1), (0, 2), (0, 6), (1, 5), (2, 3), (2, 5), (3, 4), (3, 5), (5, 6)]
4
[(3, 4), (2, 3), (0, 2), (0, 1), (1, 5), (5, 6)]
[(0, 6), (2, 5), (3, 5)]
[(2, 3), (5, 6), (0, 1), (1, 5), (2, 5), (3, 4)]
[1, 1, 1, 1, 0, 1]

81
[(0, 1), (0, 2), (0, 6), (1, 2), (1, 4), (2, 5), (3, 4), (3, 5), (3, 6), (5, 6)]
5
[(2, 5), (0, 2), (0, 1), (1, 4), (3, 4), (3, 6)]
[(0, 6), (1, 2), (3, 5), (5, 6)]
[(0, 1), (2, 5), (1, 2), (0, 6), (5, 6), (3, 5)]
[1, 1, 0, 0, 0, 0]

82
[(0, 1), (0, 2), (0, 3), (0, 4), (0, 5), (0, 6), (1, 2), (1, 3), (1, 5), (2, 3), (2, 6)]
3
[(0, 3), (0, 1), (1, 2), (2, 6), (1, 5), (0, 4)]
[(0, 2), (0, 5), (0, 6), (1, 3), (2, 3)]
[(0, 1), (0, 3), (1, 5), (2, 3), (0, 4), (2, 6)]
[1, 1, 1, 0, 1, 1]

83
[(0, 4), (0, 6), (1, 4), (1, 6), (2, 4), (2, 6), (3, 4), (3, 6), (4, 5), (4, 6), (5, 6)]
4
[(0, 4), (0, 6), (1, 6), (2, 6), (3, 6), (5, 6)]
[(1, 4), (2, 4), (3, 4), (4, 5), (4, 6)]
[(1, 4), (4, 5), (5, 6), (2, 4), (1, 6), (3, 4)]
[0, 0, 1, 0, 1, 0]

84
[(0, 6), (1, 3), (1, 4), (1, 5), (1, 6), (2, 3), (2, 4), (2, 6), (3, 5), (3, 6), (5, 6)]
4
[(1, 4), (1, 3), (2, 3), (2, 6), (0, 6), (5, 6)]
[(1, 5), (1, 6), (2, 4), (3, 5), (3, 6)]
[(1, 5), (5, 6), (3, 6), (0, 6), (3, 5), (2, 6)]
[0, 1, 0, 1, 0, 1]

85
[(0, 2), (0, 3), (0, 5), (0, 6), (1, 3), (1, 6), (2, 4), (4, 5), (5, 6)]
6
[(0, 6), (0, 2), (2, 4), (4, 5), (0, 3), (1, 3)]
[(0, 5), (1, 6), (5, 6)]
[(0, 5), (0, 6), (1, 6), (5, 6), (1, 3), (0, 2)]
[0, 1, 0, 0, 1, 1]

86
[(0, 5), (0, 6), (1, 2), (2, 3), (2, 6), (3, 4), (3, 5), (4, 5), (5, 6)]
6
[(0, 6), (0, 5), (3, 5), (2, 3), (1, 2), (3, 4)]
[(2, 6), (4, 5), (5, 6)]
[(2, 3), (0, 6), (4, 5), (0, 5), (5, 6), (2, 6)]
[1, 1, 0, 1, 0, 0]

87
[(0, 1), (0, 4), (0, 6), (1, 2), (1, 5), (1, 6), (2, 3), (2, 6), (3, 6), (4, 6)]
6
[(0, 6), (0, 1), (1, 2), (2, 3), (1, 5), (0, 4)]
[(1, 6), (2, 6), (3, 6), (4, 6)]
[(4, 6), (0, 1), (1, 2), (2, 6), (1, 5), (3, 6)]
[0, 1, 1, 0, 1, 0]

88
[(0, 1), (0, 2), (0, 3), (0, 4), (1, 6), (2, 5), (2, 6), (3, 4), (3, 6), (4, 6)]
0
[(0, 1), (1, 6), (2, 6), (2, 5), (3, 6), (3, 4)]
[(0, 2), (0, 3), (0, 4), (4, 6)]
[(0, 3), (4, 6), (0, 4), (0, 2), (0, 1), (2, 6)]
[0, 0, 0, 0, 1, 1]

89
[(0, 1), (0, 2), (0, 4), (0, 5), (1, 2), (1, 3), (2, 4), (2, 6), (3, 5), (4, 6)]
6
[(2, 6), (0, 2), (0, 1), (1, 3), (3, 5), (0, 4)]
[(0, 5), (1, 2), (2, 4), (4, 6)]
[(0, 5), (4, 6), (3, 5), (2, 4), (0, 4), (1, 2)]
[0, 0, 1, 0, 1, 0]

90
[(0, 1), (0, 5), (1, 4), (2, 3), (2, 4), (2, 5), (3, 4), (3, 5), (4, 6), (5, 6)]
5
[(0, 5), (0, 1), (1, 4), (2, 4), (2, 3), (4, 6)]
[(2, 5), (3, 4), (3, 5), (5, 6)]
[(2, 5), (0, 1), (0, 5), (3, 4), (1, 4), (3, 5)]
[0, 1, 1, 0, 1, 0]

91
[(0, 1), (0, 3), (1, 2), (2, 4), (2, 5), (2, 6), (3, 4), (3, 6), (4, 5), (5, 6)]
3
[(0, 3), (0, 1), (1, 2), (2, 4), (4, 5), (5, 6)]
[(2, 5), (2, 6), (3, 4), (3, 6)]
[(2, 5), (0, 3), (4, 5), (2, 4), (0, 1), (5, 6)]
[0, 1, 1, 1, 1, 1]

92
[(0, 3), (0, 5), (0, 6), (1, 3), (1, 5), (1, 6), (2, 5), (2, 6), (3, 4), (4, 5)]
4
[(3, 4), (0, 3), (0, 5), (1, 5), (1, 6), (2, 6)]
[(0, 6), (1, 3), (2, 5), (4, 5)]
[(1, 6), (0, 6), (4, 5), (1, 3), (0, 3), (0, 5)]
[1, 0, 0, 0, 1, 1]

93
[(0, 2), (0, 5), (1, 3), (1, 5), (1, 6), (2, 3), (3, 4), (4, 5), (4, 6)]
3
[(1, 3), (1, 5), (0, 5), (0, 2), (4, 5), (4, 6)]
[(1, 6), (2, 3), (3, 4)]
[(1, 6), (4, 5), (0, 2), (0, 5), (1, 5), (1, 3)]
[0, 1, 1, 1, 1, 1]

94
[(0, 1), (0, 2), (0, 5), (0, 6), (1, 2), (1, 6), (2, 5), (3, 6), (4, 6), (5, 6)]
1
[(0, 1), (0, 2), (2, 5), (5, 6), (3, 6), (4, 6)]
[(0, 5), (0, 6), (1, 2), (1, 6)]
[(1, 2), (1, 6), (5, 6), (0, 5), (0, 6), (2, 5)]
[0, 0, 1, 0, 0, 1]

95
[(0, 3), (0, 6), (1, 5), (2, 4), (2, 5), (2, 6), (3, 5), (3, 6), (4, 5), (4, 6), (5, 6)]
1
[(1, 5), (2, 5), (2, 4), (4, 6), (0, 6), (0, 3)]
[(2, 6), (3, 5), (3, 6), (4, 5), (5, 6)]
[(2, 5), (0, 6), (2, 4), (3, 5), (4, 5), (2, 6)]
[1, 1, 1, 0, 0, 0]

96
[(0, 1), (0, 4), (0, 5), (1, 2), (1, 4), (1, 6), (2, 3), (2, 4), (2, 5), (3, 5)]
2
[(1, 2), (0, 1), (0, 4), (0, 5), (3, 5), (1, 6)]
[(1, 4), (2, 3), (2, 4), (2, 5)]
[(1, 6), (0, 5), (1, 2), (0, 1), (2, 3), (3, 5)]
[1, 1, 1, 1, 0, 1]

97
[(0, 1), (0, 2), (0, 4), (0, 5), (1, 4), (2, 4), (3, 4), (3, 6), (5, 6)]
5
[(0, 5), (0, 1), (1, 4), (2, 4), (3, 4), (3, 6)]
[(0, 2), (0, 4), (5, 6)]
[(0, 4), (3, 4), (2, 4), (3, 6), (0, 5), (0, 1)]
[0, 1, 1, 1, 1, 1]

98
[(0, 1), (0, 3), (1, 2), (1, 6), (2, 3), (3, 4), (3, 6), (4, 6), (5, 6)]
5
[(5, 6), (1, 6), (0, 1), (0, 3), (2, 3), (3, 4)]
[(1, 2), (3, 6), (4, 6)]
[(3, 4), (0, 3), (1, 6), (0, 1), (4, 6), (5, 6)]
[1, 1, 1, 1, 0, 1]

99
[(0, 1), (0, 2), (0, 6), (1, 2), (1, 4), (2, 3), (2, 4), (2, 6), (3, 4), (4, 5), (4, 6)]
6
[(0, 6), (0, 1), (1, 2), (2, 3), (3, 4), (4, 5)]
[(0, 2), (1, 4), (2, 4), (2, 6), (4, 6)]
[(1, 4), (4, 6), (3, 4), (2, 4), (4, 5), (2, 6)]
[0, 0, 1, 0, 1, 0]

100
[(0, 1), (0, 3), (0, 6), (1, 2), (1, 4), (1, 5), (2, 5), (3, 4), (4, 5), (5, 6)]
0
[(0, 1), (1, 2), (2, 5), (4, 5), (3, 4), (5, 6)]
[(0, 3), (0, 6), (1, 4), (1, 5)]
[(4, 5), (2, 5), (0, 1), (3, 4), (1, 4), (1, 2)]
[1, 1, 1, 1, 0, 1]

101
[(0, 3), (0, 4), (1, 3), (1, 4), (1, 6), (2, 3), (2, 4), (3, 4), (3, 6), (4, 5)]
2
[(2, 3), (0, 3), (0, 4), (1, 4), (1, 6), (4, 5)]
[(1, 3), (2, 4), (3, 4), (3, 6)]
[(2, 3), (1, 3), (2, 4), (3, 6), (3, 4), (1, 4)]
[1, 0, 0, 0, 0, 1]

102
[(0, 2), (0, 3), (0, 5), (1, 2), (2, 3), (2, 4), (2, 5), (2, 6), (3, 5), (4, 5), (5, 6)]
2
[(0, 2), (0, 3), (3, 5), (4, 5), (5, 6), (1, 2)]
[(0, 5), (2, 3), (2, 4), (2, 5), (2, 6)]
[(2, 3), (2, 4), (0, 5), (4, 5), (2, 5), (0, 2)]
[0, 0, 0, 1, 0, 1]

103
[(0, 3), (0, 4), (0, 5), (0, 6), (1, 2), (2, 3), (2, 4), (2, 5), (2, 6), (3, 5), (3, 6)]
4
[(0, 4), (0, 3), (2, 3), (1, 2), (2, 5), (2, 6)]
[(0, 5), (0, 6), (2, 4), (3, 5), (3, 6)]
[(2, 5), (2, 6), (1, 2), (0, 4), (0, 3), (0, 6)]
[1, 1, 1, 1, 1, 0]

104
[(0, 2), (0, 4), (0, 5), (0, 6), (1, 2), (1, 3), (1, 5), (1, 6), (2, 3), (2, 6), (3, 6)]
2
[(0, 2), (0, 4), (0, 5), (1, 5), (1, 3), (3, 6)]
[(0, 6), (1, 2), (1, 6), (2, 3), (2, 6)]
[(0, 4), (3, 6), (0, 5), (1, 2), (2, 6), (0, 2)]
[1, 1, 1, 0, 0, 1]

105
[(0, 1), (0, 4), (1, 4), (1, 6), (2, 3), (3, 4), (3, 6), (4, 5), (4, 6), (5, 6)]
2
[(2, 3), (3, 4), (0, 4), (0, 1), (1, 6), (5, 6)]
[(1, 4), (3, 6), (4, 5), (4, 6)]
[(0, 1), (5, 6), (4, 5), (3, 6), (1, 4), (4, 6)]
[1, 1, 0, 0, 0, 0]

106
[(0, 2), (0, 4), (1, 2), (1, 3), (1, 4), (1, 5), (2, 4), (3, 5), (3, 6), (4, 6)]
5
[(1, 5), (1, 2), (0, 2), (0, 4), (4, 6), (3, 6)]
[(1, 3), (1, 4), (2, 4), (3, 5)]
[(1, 5), (3, 5), (4, 6), (0, 4), (1, 2), (3, 6)]
[1, 0, 1, 1, 1, 1]

107
[(0, 3), (0, 4), (0, 5), (1, 2), (2, 4), (3, 4), (3, 6), (4, 5), (4, 6), (5, 6)]
1
[(1, 2), (2, 4), (0, 4), (0, 3), (3, 6), (5, 6)]
[(0, 5), (3, 4), (4, 5), (4, 6)]
[(2, 4), (0, 5), (5, 6), (0, 3), (4, 5), (4, 6)]
[1, 0, 1, 1, 0, 0]

108
[(0, 1), (0, 2), (1, 4), (1, 5), (1, 6), (2, 3), (2, 5), (3, 4), (3, 6)]
2
[(0, 2), (0, 1), (1, 4), (3, 4), (3, 6), (1, 5)]
[(1, 6), (2, 3), (2, 5)]
[(3, 4), (1, 6), (0, 2), (1, 5), (3, 6), (2, 3)]
[1, 0, 1, 1, 1, 0]

109
[(0, 3), (0, 5), (0, 6), (1, 2), (1, 4), (2, 6), (3, 4), (4, 5), (4, 6)]
4
[(1, 4), (1, 2), (2, 6), (0, 6), (0, 3), (0, 5)]
[(3, 4), (4, 5), (4, 6)]
[(0, 3), (1, 2), (4, 6), (0, 6), (1, 4), (2, 6)]
[1, 1, 0, 1, 1, 1]

110
[(0, 2), (0, 3), (0, 4), (0, 5), (1, 2), (1, 4), (1, 5), (1, 6), (2, 3), (4, 5)]
3
[(0, 3), (0, 2), (1, 2), (1, 4), (4, 5), (1, 6)]
[(0, 4), (0, 5), (1, 5), (2, 3)]
[(0, 3), (1, 4), (0, 4), (1, 2), (0, 2), (2, 3)]
[1, 1, 0, 1, 1, 0]

111
[(0, 2), (0, 5), (1, 3), (1, 6), (2, 3), (2, 4), (2, 5), (2, 6), (4, 5)]
3
[(1, 3), (1, 6), (2, 6), (0, 2), (0, 5), (4, 5)]
[(2, 3), (2, 4), (2, 5)]
[(2, 6), (1, 6), (2, 3), (2, 5), (2, 4), (0, 5)]
[1, 1, 0, 0, 0, 1]

112
[(0, 1), (0, 3), (0, 4), (0, 5), (1, 3), (1, 5), (1, 6), (2, 3), (2, 5), (2, 6), (5, 6)]
4
[(0, 4), (0, 1), (1, 3), (2, 3), (2, 5), (5, 6)]
[(0, 3), (0, 5), (1, 5), (1, 6), (2, 6)]
[(0, 4), (0, 5), (2, 3), (0, 1), (2, 5), (1, 3)]
[1, 0, 1, 1, 1, 1]

113
[(0, 1), (0, 2), (0, 6), (1, 6), (2, 3), (2, 4), (3, 4), (4, 5), (4, 6)]
5
[(4, 5), (2, 4), (0, 2), (0, 1), (1, 6), (2, 3)]
[(0, 6), (3, 4), (4, 6)]
[(0, 2), (2, 4), (4, 6), (3, 4), (0, 6), (1, 6)]
[1, 1, 0, 0, 0, 1]

114
[(0, 2), (0, 3), (0, 4), (1, 2), (1, 4), (1, 5), (2, 6), (3, 6), (5, 6)]
3
[(0, 3), (0, 2), (1, 2), (1, 4), (1, 5), (5, 6)]
[(0, 4), (2, 6), (3, 6)]
[(2, 6), (0, 2), (3, 6), (5, 6), (0, 4), (1, 4)]
[0, 1, 0, 1, 0, 1]

115
[(0, 4), (0, 5), (1, 2), (1, 3), (1, 4), (3, 4), (3, 5), (3, 6), (4, 5), (5, 6)]
1
[(1, 2), (1, 3), (3, 4), (0, 4), (0, 5), (5, 6)]
[(1, 4), (3, 5), (3, 6), (4, 5)]
[(3, 6), (1, 2), (4, 5), (0, 5), (5, 6), (1, 4)]
[0, 1, 0, 1, 1, 0]

116
[(0, 2), (0, 3), (0, 6), (1, 5), (2, 4), (2, 6), (3, 4), (3, 6), (5, 6)]
2
[(0, 2), (0, 3), (3, 4), (3, 6), (5, 6), (1, 5)]
[(0, 6), (2, 4), (2, 6)]
[(2, 4), (2, 6), (5, 6), (3, 6), (0, 2), (0, 6)]
[0, 0, 1, 1, 1, 0]

117
[(0, 1), (0, 2), (0, 5), (0, 6), (1, 3), (1, 5), (1, 6), (2, 4), (2, 6), (3, 5)]
2
[(0, 2), (0, 1), (1, 3), (3, 5), (1, 6), (2, 4)]
[(0, 5), (0, 6), (1, 5), (2, 6)]
[(3, 5), (1, 5), (0, 1), (0, 2), (1, 6), (1, 3)]
[1, 0, 1, 1, 1, 1]

118
[(0, 1), (0, 2), (0, 3), (0, 4), (0, 6), (1, 3), (1, 4), (3, 5), (4, 5), (5, 6)]
3
[(0, 3), (0, 1), (1, 4), (4, 5), (5, 6), (0, 2)]
[(0, 4), (0, 6), (1, 3), (3, 5)]
[(1, 3), (0, 4), (3, 5), (0, 3), (1, 4), (5, 6)]
[0, 0, 0, 1, 1, 1]

119
[(0, 2), (0, 5), (1, 2), (1, 4), (2, 3), (2, 4), (2, 6), (4, 5), (4, 6)]
1
[(1, 2), (0, 2), (0, 5), (4, 5), (4, 6), (2, 3)]
[(1, 4), (2, 4), (2, 6)]
[(2, 4), (2, 6), (1, 4), (0, 2), (0, 5), (4, 6)]
[0, 0, 0, 1, 1, 1]

120
[(0, 1), (0, 3), (1, 2), (1, 3), (1, 6), (2, 4), (2, 5), (4, 5), (4, 6)]
3
[(0, 3), (0, 1), (1, 2), (2, 4), (4, 5), (4, 6)]
[(1, 3), (1, 6), (2, 5)]
[(0, 1), (0, 3), (1, 6), (2, 5), (1, 3), (4, 5)]
[1, 1, 0, 0, 0, 1]

121
[(0, 6), (1, 3), (2, 3), (2, 4), (2, 5), (2, 6), (3, 6), (4, 5), (4, 6), (5, 6)]
4
[(2, 4), (2, 3), (1, 3), (3, 6), (0, 6), (5, 6)]
[(2, 5), (2, 6), (4, 5), (4, 6)]
[(4, 5), (0, 6), (2, 5), (2, 3), (4, 6), (2, 6)]
[0, 1, 0, 1, 0, 0]

122
[(0, 1), (0, 2), (1, 4), (1, 5), (2, 3), (2, 5), (3, 5), (3, 6), (4, 5)]
6
[(3, 6), (2, 3), (0, 2), (0, 1), (1, 4), (4, 5)]
[(1, 5), (2, 5), (3, 5)]
[(3, 6), (2, 3), (2, 5), (1, 5), (3, 5), (4, 5)]
[1, 1, 0, 0, 0, 1]

123
[(0, 6), (1, 2), (1, 3), (1, 5), (2, 3), (2, 5), (2, 6), (3, 4), (3, 5), (3, 6), (5, 6)]
3
[(1, 3), (1, 2), (2, 5), (5, 6), (0, 6), (3, 4)]
[(1, 5), (2, 3), (2, 6), (3, 5), (3, 6)]
[(3, 4), (1, 3), (1, 5), (2, 5), (0, 6), (1, 2)]
[1, 1, 0, 1, 1, 1]

124
[(0, 5), (0, 6), (1, 2), (1, 4), (1, 5), (2, 3), (2, 6), (3, 5), (4, 5), (5, 6)]
3
[(2, 3), (1, 2), (1, 4), (4, 5), (0, 5), (0, 6)]
[(1, 5), (2, 6), (3, 5), (5, 6)]
[(1, 5), (0, 6), (1, 4), (4, 5), (2, 3), (1, 2)]
[0, 1, 1, 1, 1, 1]

125
[(0, 1), (0, 5), (1, 2), (1, 3), (2, 4), (2, 6), (3, 6), (4, 5), (4, 6)]
2
[(1, 2), (0, 1), (0, 5), (4, 5), (4, 6), (3, 6)]
[(1, 3), (2, 4), (2, 6)]
[(2, 4), (3, 6), (0, 5), (4, 5), (4, 6), (1, 2)]
[0, 1, 1, 1, 1, 1]

126
[(0, 3), (0, 5), (1, 2), (1, 3), (1, 5), (3, 4), (3, 5), (3, 6), (4, 5), (5, 6)]
3
[(0, 3), (0, 5), (1, 5), (1, 2), (4, 5), (5, 6)]
[(1, 3), (3, 4), (3, 5), (3, 6)]
[(3, 4), (3, 6), (3, 5), (1, 3), (1, 2), (0, 5)]
[0, 0, 0, 0, 1, 1]

127
[(0, 3), (0, 5), (0, 6), (1, 6), (2, 3), (2, 6), (3, 4), (3, 5), (3, 6), (5, 6)]
6
[(0, 6), (0, 3), (2, 3), (3, 4), (3, 5), (1, 6)]
[(0, 5), (2, 6), (3, 6), (5, 6)]
[(2, 3), (3, 5), (0, 5), (1, 6), (3, 4), (0, 6)]
[1, 1, 0, 1, 1, 1]

128
[(0, 2), (0, 4), (0, 5), (1, 3), (2, 4), (2, 5), (3, 5), (3, 6), (4, 5)]
2
[(0, 2), (0, 4), (4, 5), (3, 5), (1, 3), (3, 6)]
[(0, 5), (2, 4), (2, 5)]
[(2, 5), (0, 2), (3, 6), (3, 5), (0, 4), (1, 3)]
[0, 1, 1, 1, 1, 1]

129
[(0, 1), (0, 2), (1, 2), (2, 3), (2, 4), (2, 5), (2, 6), (3, 5), (3, 6), (4, 5), (5, 6)]
6
[(2, 6), (0, 2), (0, 1), (2, 3), (3, 5), (4, 5)]
[(1, 2), (2, 4), (2, 5), (3, 6), (5, 6)]
[(2, 3), (1, 2), (2, 6), (3, 6), (4, 5), (5, 6)]
[1, 0, 1, 0, 1, 0]

130
[(0, 3), (0, 4), (1, 2), (1, 4), (1, 5), (1, 6), (2, 5), (3, 4), (4, 5)]
0
[(0, 3), (3, 4), (1, 4), (1, 2), (2, 5), (1, 6)]
[(0, 4), (1, 5), (4, 5)]
[(1, 5), (1, 2), (1, 4), (3, 4), (0, 4), (2, 5)]
[0, 1, 1, 1, 0, 1]

131
[(0, 1), (0, 5), (1, 3), (1, 5), (1, 6), (2, 3), (2, 6), (3, 5), (4, 5)]
0
[(0, 1), (1, 3), (2, 3), (2, 6), (3, 5), (4, 5)]
[(0, 5), (1, 5), (1, 6)]
[(2, 3), (1, 3), (0, 5), (1, 6), (1, 5), (2, 6)]
[1, 1, 0, 0, 0, 1]

132
[(0, 1), (0, 4), (0, 5), (1, 2), (1, 3), (1, 6), (2, 4), (2, 5), (3, 6), (4, 6)]
2
[(1, 2), (0, 1), (0, 4), (4, 6), (3, 6), (0, 5)]
[(1, 3), (1, 6), (2, 4), (2, 5)]
[(0, 4), (0, 5), (0, 1), (1, 2), (3, 6), (2, 4)]
[1, 1, 1, 1, 1, 0]

133
[(0, 1), (0, 3), (0, 6), (1, 4), (1, 6), (2, 3), (2, 4), (2, 6), (3, 6), (5, 6)]
4
[(1, 4), (0, 1), (0, 3), (2, 3), (2, 6), (5, 6)]
[(0, 6), (1, 6), (2, 4), (3, 6)]
[(2, 6), (2, 3), (1, 6), (2, 4), (5, 6), (1, 4)]
[1, 1, 0, 0, 1, 1]

134
[(0, 3), (0, 4), (0, 6), (1, 2), (1, 3), (2, 3), (2, 4), (2, 5), (2, 6), (3, 4), (3, 5)]
0
[(0, 3), (1, 3), (1, 2), (2, 4), (2, 5), (2, 6)]
[(0, 4), (0, 6), (2, 3), (3, 4), (3, 5)]
[(1, 3), (2, 6), (0, 6), (2, 5), (2, 4), (0, 3)]
[1, 1, 0, 1, 1, 1]

135
[(0, 4), (0, 5), (1, 3), (1, 4), (1, 5), (2, 4), (3, 4), (3, 6), (4, 5), (5, 6)]
2
[(2, 4), (0, 4), (0, 5), (1, 5), (1, 3), (3, 6)]
[(1, 4), (3, 4), (4, 5), (5, 6)]
[(5, 6), (4, 5), (1, 5), (3, 4), (3, 6), (1, 3)]
[0, 0, 1, 0, 1, 1]

136
[(0, 4), (0, 5), (0, 6), (1, 2), (1, 3), (1, 4), (2, 5), (3, 5), (4, 5), (4, 6)]
1
[(1, 2), (2, 5), (0, 5), (0, 4), (4, 6), (3, 5)]
[(0, 6), (1, 3), (1, 4), (4, 5)]
[(1, 4), (0, 5), (0, 6), (2, 5), (1, 3), (0, 4)]
[0, 1, 0, 1, 0, 1]

137
[(0, 2), (0, 3), (0, 6), (1, 3), (1, 5), (2, 3), (3, 4), (3, 5), (3, 6), (4, 5)]
1
[(1, 3), (0, 3), (0, 2), (0, 6), (3, 4), (4, 5)]
[(1, 5), (2, 3), (3, 5), (3, 6)]
[(1, 5), (0, 3), (4, 5), (0, 6), (1, 3), (3, 5)]
[0, 1, 1, 1, 1, 0]

138
[(0, 2), (0, 3), (1, 2), (1, 3), (1, 6), (2, 4), (2, 5), (3, 4), (4, 5), (4, 6)]
6
[(1, 6), (1, 2), (0, 2), (0, 3), (3, 4), (4, 5)]
[(1, 3), (2, 4), (2, 5), (4, 6)]
[(1, 3), (1, 6), (0, 3), (0, 2), (2, 4), (1, 2)]
[0, 1, 1, 1, 0, 1]

139
[(0, 1), (0, 2), (0, 4), (1, 5), (1, 6), (3, 4), (3, 6), (4, 5), (4, 6)]
0
[(0, 1), (1, 5), (4, 5), (3, 4), (3, 6), (0, 2)]
[(0, 4), (1, 6), (4, 6)]
[(4, 5), (4, 6), (1, 5), (0, 4), (1, 6), (3, 4)]
[1, 0, 1, 0, 0, 1]

140
[(0, 4), (0, 5), (1, 4), (1, 6), (2, 4), (3, 4), (3, 5), (4, 6), (5, 6)]
5
[(0, 5), (0, 4), (1, 4), (1, 6), (2, 4), (3, 4)]
[(3, 5), (4, 6), (5, 6)]
[(1, 6), (0, 5), (3, 5), (3, 4), (0, 4), (4, 6)]
[1, 1, 0, 1, 1, 0]

141
[(0, 1), (0, 2), (0, 4), (0, 5), (1, 5), (2, 4), (2, 5), (2, 6), (3, 4), (4, 5), (4, 6)]
2
[(0, 2), (0, 1), (1, 5), (4, 5), (3, 4), (4, 6)]
[(0, 4), (0, 5), (2, 4), (2, 5), (2, 6)]
[(4, 6), (0, 4), (0, 5), (0, 1), (4, 5), (2, 4)]
[1, 0, 0, 1, 1, 0]

142
[(0, 1), (0, 3), (0, 5), (0, 6), (1, 3), (2, 4), (2, 5), (3, 6), (4, 5)]
1
[(0, 1), (0, 3), (3, 6), (0, 5), (2, 5), (2, 4)]
[(0, 6), (1, 3), (4, 5)]
[(3, 6), (2, 5), (4, 5), (0, 6), (0, 5), (0, 3)]
[1, 1, 0, 0, 1, 1]

143
[(0, 3), (0, 6), (1, 3), (1, 6), (2, 3), (2, 6), (3, 4), (3, 5), (5, 6)]
5
[(3, 5), (0, 3), (0, 6), (1, 6), (2, 6), (3, 4)]
[(1, 3), (2, 3), (5, 6)]
[(0, 3), (1, 3), (2, 3), (5, 6), (3, 5), (1, 6)]
[1, 0, 0, 0, 1, 1]

144
[(0, 2), (0, 3), (0, 4), (1, 3), (1, 5), (1, 6), (3, 5), (4, 6), (5, 6)]
4
[(0, 4), (0, 2), (0, 3), (1, 3), (1, 5), (5, 6)]
[(1, 6), (3, 5), (4, 6)]
[(3, 5), (1, 6), (1, 5), (4, 6), (0, 3), (1, 3)]
[0, 0, 1, 0, 1, 1]

145
[(0, 1), (0, 3), (1, 2), (1, 4), (1, 6), (2, 3), (3, 5), (4, 6), (5, 6)]
3
[(0, 3), (0, 1), (1, 2), (1, 4), (4, 6), (5, 6)]
[(1, 6), (2, 3), (3, 5)]
[(0, 3), (0, 1), (1, 2), (2, 3), (4, 6), (1, 4)]
[1, 1, 1, 0, 1, 1]

146
[(0, 1), (0, 3), (0, 5), (0, 6), (1, 2), (1, 5), (2, 6), (3, 4), (3, 5), (5, 6)]
0
[(0, 1), (1, 2), (2, 6), (5, 6), (3, 5), (3, 4)]
[(0, 3), (0, 5), (0, 6), (1, 5)]
[(1, 5), (3, 5), (0, 1), (2, 6), (5, 6), (3, 4)]
[0, 1, 1, 1, 1, 1]

147
[(0, 4), (0, 5), (0, 6), (1, 2), (2, 3), (2, 4), (2, 5), (2, 6), (3, 4), (4, 6), (5, 6)]
6
[(0, 6), (0, 4), (2, 4), (1, 2), (2, 3), (2, 5)]
[(0, 5), (2, 6), (3, 4), (4, 6), (5, 6)]
[(0, 5), (0, 4), (5, 6), (0, 6), (2, 3), (2, 4)]
[0, 1, 0, 1, 1, 1]

148
[(0, 1), (0, 3), (0, 4), (0, 5), (1, 6), (2, 6), (3, 4), (3, 5), (4, 6), (5, 6)]
0
[(0, 1), (1, 6), (2, 6), (4, 6), (3, 4), (3, 5)]
[(0, 3), (0, 4), (0, 5), (5, 6)]
[(0, 3), (0, 5), (5, 6), (4, 6), (0, 4), (2, 6)]
[0, 0, 0, 1, 0, 1]

149
[(0, 1), (0, 5), (1, 3), (1, 4), (1, 5), (1, 6), (2, 3), (2, 6), (3, 6), (4, 5)]
4
[(1, 4), (0, 1), (0, 5), (1, 3), (2, 3), (2, 6)]
[(1, 5), (1, 6), (3, 6), (4, 5)]
[(2, 6), (3, 6), (1, 3), (2, 3), (1, 4), (0, 1)]
[1, 0, 1, 1, 1, 1]

150
[(0, 3), (0, 4), (0, 5), (1, 2), (1, 3), (2, 4), (2, 6), (3, 5), (5, 6)]
0
[(0, 3), (1, 3), (1, 2), (2, 4), (2, 6), (5, 6)]
[(0, 4), (0, 5), (3, 5)]
[(0, 5), (1, 2), (3, 5), (5, 6), (2, 6), (0, 4)]
[0, 1, 0, 1, 1, 0]

151
[(0, 1), (0, 3), (0, 5), (0, 6), (1, 2), (1, 6), (2, 4), (2, 5), (2, 6), (3, 5), (3, 6)]
2
[(1, 2), (0, 1), (0, 3), (3, 5), (3, 6), (2, 4)]
[(0, 5), (0, 6), (1, 6), (2, 5), (2, 6)]
[(1, 6), (0, 6), (2, 5), (0, 5), (1, 2), (0, 1)]
[0, 0, 0, 0, 1, 1]

152
[(0, 1), (0, 2), (0, 3), (0, 6), (2, 3), (2, 4), (2, 5), (3, 4), (3, 5), (4, 5)]
2
[(0, 2), (0, 1), (0, 3), (3, 4), (4, 5), (0, 6)]
[(2, 3), (2, 4), (2, 5), (3, 5)]
[(2, 4), (0, 2), (3, 4), (0, 1), (0, 3), (0, 6)]
[0, 1, 1, 1, 1, 1]

153
[(0, 2), (0, 4), (1, 2), (1, 4), (1, 6), (2, 4), (2, 6), (3, 4), (3, 5), (4, 5)]
6
[(1, 6), (1, 2), (0, 2), (0, 4), (3, 4), (3, 5)]
[(1, 4), (2, 4), (2, 6), (4, 5)]
[(1, 6), (1, 2), (0, 2), (4, 5), (0, 4), (3, 5)]
[1, 1, 1, 0, 1, 1]

154
[(0, 1), (0, 3), (1, 2), (1, 3), (1, 5), (2, 3), (2, 5), (3, 4), (4, 6)]
5
[(1, 5), (0, 1), (0, 3), (2, 3), (3, 4), (4, 6)]
[(1, 2), (1, 3), (2, 5)]
[(1, 3), (0, 3), (4, 6), (1, 5), (3, 4), (2, 5)]
[0, 1, 1, 1, 1, 0]

155
[(0, 1), (0, 2), (0, 3), (0, 4), (0, 5), (1, 3), (2, 3), (2, 4), (2, 6), (5, 6)]
5
[(0, 5), (0, 1), (1, 3), (2, 3), (2, 4), (2, 6)]
[(0, 2), (0, 3), (0, 4), (5, 6)]
[(1, 3), (2, 4), (0, 5), (0, 1), (0, 2), (0, 3)]
[1, 1, 1, 1, 0, 0]

156
[(0, 1), (0, 3), (0, 4), (0, 6), (1, 3), (1, 5), (2, 4), (2, 5), (3, 4)]
0
[(0, 1), (1, 3), (3, 4), (2, 4), (2, 5), (0, 6)]
[(0, 3), (0, 4), (1, 5)]
[(2, 4), (0, 3), (0, 4), (0, 6), (2, 5), (1, 5)]
[1, 0, 0, 1, 1, 0]

157
[(0, 1), (0, 2), (0, 4), (0, 5), (1, 4), (2, 4), (3, 4), (3, 5), (3, 6), (5, 6)]
3
[(3, 4), (0, 4), (0, 1), (0, 2), (0, 5), (5, 6)]
[(1, 4), (2, 4), (3, 5), (3, 6)]
[(0, 2), (2, 4), (1, 4), (0, 5), (3, 5), (3, 6)]
[1, 0, 0, 1, 0, 0]

158
[(0, 3), (0, 4), (1, 6), (2, 3), (2, 4), (2, 5), (2, 6), (3, 4), (3, 6), (5, 6)]
5
[(2, 5), (2, 3), (0, 3), (0, 4), (3, 6), (1, 6)]
[(2, 4), (2, 6), (3, 4), (5, 6)]
[(3, 4), (2, 6), (2, 4), (2, 5), (5, 6), (0, 4)]
[0, 0, 0, 1, 0, 1]

159
[(0, 3), (1, 3), (1, 5), (1, 6), (2, 3), (2, 4), (3, 5), (3, 6), (4, 5), (4, 6), (5, 6)]
5
[(1, 5), (1, 3), (0, 3), (2, 3), (2, 4), (4, 6)]
[(1, 6), (3, 5), (3, 6), (4, 5), (5, 6)]
[(3, 6), (2, 4), (2, 3), (3, 5), (1, 5), (1, 3)]
[0, 1, 1, 0, 1, 1]

160
[(0, 3), (0, 5), (1, 2), (1, 4), (1, 5), (2, 4), (3, 4), (3, 6), (4, 6)]
2
[(1, 2), (1, 4), (3, 4), (0, 3), (0, 5), (3, 6)]
[(1, 5), (2, 4), (4, 6)]
[(4, 6), (0, 5), (1, 2), (0, 3), (1, 5), (2, 4)]
[0, 1, 1, 1, 0, 0]

161
[(0, 1), (0, 5), (1, 3), (1, 5), (1, 6), (2, 4), (2, 5), (3, 5), (4, 5)]
2
[(2, 4), (4, 5), (0, 5), (0, 1), (1, 3), (1, 6)]
[(1, 5), (2, 5), (3, 5)]
[(2, 5), (2, 4), (4, 5), (1, 3), (0, 5), (0, 1)]
[0, 1, 1, 1, 1, 1]

162
[(0, 3), (0, 4), (1, 3), (1, 4), (1, 6), (2, 4), (2, 6), (3, 6), (5, 6)]
4
[(0, 4), (0, 3), (1, 3), (1, 6), (2, 6), (5, 6)]
[(1, 4), (2, 4), (3, 6)]
[(3, 6), (1, 3), (5, 6), (1, 4), (2, 4), (0, 3)]
[0, 1, 1, 0, 0, 1]

163
[(0, 1), (0, 2), (0, 3), (0, 4), (0, 5), (0, 6), (1, 2), (1, 3), (1, 4), (1, 5)]
3
[(0, 3), (0, 1), (1, 2), (1, 4), (1, 5), (0, 6)]
[(0, 2), (0, 4), (0, 5), (1, 3)]
[(1, 5), (1, 2), (0, 3), (1, 4), (0, 5), (0, 6)]
[1, 1, 1, 1, 0, 1]

164
[(0, 2), (0, 4), (0, 5), (1, 5), (1, 6), (2, 4), (2, 6), (3, 5), (4, 5)]
6
[(1, 6), (1, 5), (0, 5), (0, 2), (2, 4), (3, 5)]
[(0, 4), (2, 6), (4, 5)]
[(4, 5), (0, 5), (0, 4), (1, 6), (0, 2), (2, 4)]
[0, 1, 0, 1, 1, 1]

165
[(0, 4), (0, 5), (0, 6), (1, 2), (1, 6), (2, 3), (2, 4), (2, 6), (4, 5), (4, 6), (5, 6)]
0
[(0, 4), (2, 4), (1, 2), (1, 6), (5, 6), (2, 3)]
[(0, 5), (0, 6), (2, 6), (4, 5), (4, 6)]
[(4, 6), (0, 4), (2, 4), (2, 3), (5, 6), (1, 2)]
[0, 1, 1, 1, 1, 1]

166
[(0, 2), (0, 4), (0, 5), (1, 3), (1, 5), (2, 4), (2, 5), (2, 6), (3, 6), (4, 6)]
5
[(0, 5), (0, 2), (2, 4), (4, 6), (3, 6), (1, 3)]
[(0, 4), (1, 5), (2, 5), (2, 6)]
[(4, 6), (3, 6), (1, 3), (0, 5), (0, 2), (1, 5)]
[1, 1, 1, 1, 1, 0]

167
[(0, 1), (0, 2), (0, 3), (1, 2), (1, 3), (1, 4), (1, 5), (1, 6), (2, 6), (3, 6)]
4
[(1, 4), (0, 1), (0, 2), (2, 6), (3, 6), (1, 5)]
[(0, 3), (1, 2), (1, 3), (1, 6)]
[(1, 4), (0, 3), (1, 5), (0, 2), (1, 3), (0, 1)]
[1, 0, 1, 1, 0, 1]

168
[(0, 1), (0, 2), (0, 3), (0, 4), (0, 5), (1, 2), (1, 5), (2, 3), (3, 5), (3, 6)]
0
[(0, 1), (1, 2), (2, 3), (3, 5), (3, 6), (0, 4)]
[(0, 2), (0, 3), (0, 5), (1, 5)]
[(0, 3), (2, 3), (1, 2), (0, 1), (1, 5), (0, 2)]
[0, 1, 1, 1, 0, 0]

169
[(0, 4), (0, 5), (0, 6), (1, 6), (2, 3), (2, 5), (3, 6), (4, 5), (4, 6), (5, 6)]
5
[(0, 5), (0, 4), (4, 6), (1, 6), (3, 6), (2, 3)]
[(0, 6), (2, 5), (4, 5), (5, 6)]
[(0, 6), (1, 6), (5, 6), (3, 6), (0, 5), (2, 5)]
[0, 1, 0, 1, 1, 0]

170
[(0, 3), (0, 4), (1, 2), (1, 4), (1, 5), (2, 6), (3, 5), (4, 5), (4, 6), (5, 6)]
5
[(1, 5), (1, 2), (2, 6), (4, 6), (0, 4), (0, 3)]
[(1, 4), (3, 5), (4, 5), (5, 6)]
[(1, 5), (0, 3), (0, 4), (4, 6), (1, 2), (1, 4)]
[1, 1, 1, 1, 1, 0]

171
[(0, 5), (0, 6), (1, 3), (2, 3), (2, 4), (2, 5), (3, 5), (3, 6), (4, 6)]
4
[(2, 4), (2, 3), (1, 3), (3, 5), (0, 5), (0, 6)]
[(2, 5), (3, 6), (4, 6)]
[(4, 6), (0, 6), (0, 5), (2, 4), (1, 3), (3, 5)]
[0, 1, 1, 1, 1, 1]

172
[(0, 2), (0, 3), (0, 5), (0, 6), (1, 4), (1, 5), (1, 6), (2, 3), (4, 5), (4, 6)]
6
[(0, 6), (0, 2), (2, 3), (0, 5), (1, 5), (1, 4)]
[(0, 3), (1, 6), (4, 5), (4, 6)]
[(0, 3), (1, 6), (1, 4), (2, 3), (0, 2), (4, 6)]
[0, 0, 1, 1, 1, 0]

173
[(0, 3), (0, 4), (0, 6), (1, 2), (1, 3), (2, 3), (3, 4), (3, 5), (4, 6), (5, 6)]
6
[(0, 6), (0, 3), (1, 3), (1, 2), (3, 4), (3, 5)]
[(0, 4), (2, 3), (4, 6), (5, 6)]
[(3, 4), (5, 6), (0, 4), (1, 2), (2, 3), (1, 3)]
[1, 0, 0, 1, 0, 1]

174
[(0, 1), (0, 4), (0, 5), (0, 6), (1, 3), (1, 6), (2, 5), (3, 5), (4, 6), (5, 6)]
5
[(0, 5), (0, 1), (1, 3), (1, 6), (4, 6), (2, 5)]
[(0, 4), (0, 6), (3, 5), (5, 6)]
[(5, 6), (1, 3), (0, 4), (3, 5), (2, 5), (1, 6)]
[0, 1, 0, 0, 1, 1]

175
[(0, 3), (0, 5), (1, 5), (1, 6), (2, 4), (3, 6), (4, 5), (4, 6), (5, 6)]
5
[(0, 5), (0, 3), (3, 6), (1, 6), (4, 6), (2, 4)]
[(1, 5), (4, 5), (5, 6)]
[(0, 5), (5, 6), (3, 6), (0, 3), (4, 5), (1, 5)]
[1, 0, 1, 1, 0, 0]

176
[(0, 1), (0, 3), (1, 2), (1, 3), (2, 4), (2, 6), (3, 5), (4, 5), (4, 6), (5, 6)]
5
[(3, 5), (0, 3), (0, 1), (1, 2), (2, 4), (4, 6)]
[(1, 3), (2, 6), (4, 5), (5, 6)]
[(3, 5), (0, 3), (5, 6), (4, 6), (0, 1), (1, 2)]
[1, 1, 0, 1, 1, 1]

177
[(0, 1), (0, 3), (0, 4), (0, 6), (1, 3), (1, 5), (2, 4), (3, 5), (3, 6), (5, 6)]
4
[(0, 4), (0, 1), (1, 3), (3, 5), (5, 6), (2, 4)]
[(0, 3), (0, 6), (1, 5), (3, 6)]
[(3, 5), (0, 1), (5, 6), (1, 3), (1, 5), (0, 4)]
[1, 1, 1, 1, 0, 1]

178
[(0, 1), (0, 4), (0, 6), (1, 4), (1, 6), (2, 5), (3, 5), (3, 6), (4, 6), (5, 6)]
0
[(0, 1), (1, 4), (4, 6), (3, 6), (3, 5), (2, 5)]
[(0, 4), (0, 6), (1, 6), (5, 6)]
[(0, 1), (0, 6), (3, 6), (4, 6), (0, 4), (1, 6)]
[1, 0, 1, 1, 0, 0]

179
[(0, 1), (0, 4), (1, 4), (1, 6), (2, 3), (2, 5), (3, 4), (3, 5), (3, 6), (4, 6)]
5
[(2, 5), (2, 3), (3, 4), (0, 4), (0, 1), (1, 6)]
[(1, 4), (3, 5), (3, 6), (4, 6)]
[(2, 3), (3, 5), (2, 5), (1, 6), (0, 4), (0, 1)]
[1, 0, 1, 1, 1, 1]

180
[(0, 1), (0, 2), (1, 2), (1, 4), (1, 5), (2, 4), (2, 5), (2, 6), (3, 5), (4, 6), (5, 6)]
5
[(1, 5), (0, 1), (0, 2), (2, 4), (4, 6), (3, 5)]
[(1, 2), (1, 4), (2, 5), (2, 6), (5, 6)]
[(4, 6), (2, 4), (1, 5), (0, 2), (3, 5), (2, 6)]
[1, 1, 1, 1, 1, 0]

181
[(0, 2), (0, 3), (0, 4), (0, 5), (1, 4), (1, 5), (1, 6), (2, 3), (2, 4), (3, 5), (4, 5)]
5
[(0, 5), (0, 2), (2, 3), (2, 4), (1, 4), (1, 6)]
[(0, 3), (0, 4), (1, 5), (3, 5), (4, 5)]
[(3, 5), (1, 4), (0, 5), (2, 3), (1, 6), (2, 4)]
[0, 1, 1, 1, 1, 1]

182
[(0, 3), (1, 2), (1, 3), (1, 4), (1, 6), (2, 3), (2, 4), (3, 4), (4, 5), (5, 6)]
3
[(0, 3), (1, 3), (1, 2), (2, 4), (4, 5), (5, 6)]
[(1, 4), (1, 6), (2, 3), (3, 4)]
[(1, 4), (3, 4), (5, 6), (2, 3), (1, 6), (1, 3)]
[0, 0, 1, 0, 0, 1]

183
[(0, 2), (0, 3), (0, 4), (1, 4), (1, 5), (1, 6), (2, 4), (2, 6), (3, 4), (3, 6), (4, 6)]
2
[(0, 2), (0, 3), (3, 4), (1, 4), (1, 5), (1, 6)]
[(0, 4), (2, 4), (2, 6), (3, 6), (4, 6)]
[(0, 3), (3, 6), (3, 4), (1, 4), (2, 4), (4, 6)]
[1, 0, 1, 1, 0, 0]

184
[(0, 1), (0, 5), (0, 6), (1, 3), (2, 4), (2, 5), (2, 6), (4, 5), (4, 6)]
0
[(0, 1), (1, 3), (0, 5), (2, 5), (2, 4), (4, 6)]
[(0, 6), (2, 6), (4, 5)]
[(0, 5), (4, 5), (2, 5), (4, 6), (2, 6), (0, 1)]
[1, 0, 1, 1, 0, 1]

185
[(0, 1), (0, 3), (0, 4), (0, 5), (1, 2), (1, 3), (1, 5), (1, 6), (3, 6), (4, 5), (4, 6)]
1
[(0, 1), (0, 3), (3, 6), (4, 6), (4, 5), (1, 2)]
[(0, 4), (0, 5), (1, 3), (1, 5), (1, 6)]
[(0, 4), (4, 6), (1, 2), (1, 5), (0, 3), (1, 6)]
[0, 1, 1, 0, 1, 0]

186
[(0, 4), (1, 2), (1, 5), (2, 3), (2, 4), (2, 6), (3, 6), (4, 5), (4, 6)]
3
[(2, 3), (1, 2), (1, 5), (4, 5), (0, 4), (4, 6)]
[(2, 4), (2, 6), (3, 6)]
[(0, 4), (2, 3), (3, 6), (2, 6), (4, 5), (4, 6)]
[1, 1, 0, 0, 1, 1]

187
[(0, 1), (0, 4), (0, 5), (0, 6), (1, 2), (2, 3), (2, 6), (3, 5), (3, 6), (4, 6)]
3
[(2, 3), (1, 2), (0, 1), (0, 4), (4, 6), (0, 5)]
[(0, 6), (2, 6), (3, 5), (3, 6)]
[(1, 2), (2, 3), (3, 6), (0, 6), (0, 1), (2, 6)]
[1, 1, 0, 0, 1, 0]

188
[(0, 1), (0, 5), (1, 2), (1, 3), (1, 4), (1, 5), (1, 6), (2, 4), (2, 5), (2, 6), (3, 6)]
6
[(1, 6), (0, 1), (0, 5), (2, 5), (2, 4), (1, 3)]
[(1, 2), (1, 4), (1, 5), (2, 6), (3, 6)]
[(1, 6), (2, 4), (1, 4), (3, 6), (1, 3), (1, 2)]
[1, 1, 0, 0, 1, 0]

189
[(0, 2), (0, 3), (0, 5), (1, 4), (1, 5), (2, 3), (2, 6), (3, 5), (4, 5)]
2
[(0, 2), (0, 3), (3, 5), (1, 5), (1, 4), (2, 6)]
[(0, 5), (2, 3), (4, 5)]
[(0, 2), (0, 5), (2, 3), (3, 5), (1, 5), (1, 4)]
[1, 0, 0, 1, 1, 1]

190
[(0, 3), (0, 5), (1, 2), (1, 4), (1, 5), (2, 3), (2, 6), (3, 4), (4, 5), (5, 6)]
2
[(1, 2), (1, 4), (3, 4), (0, 3), (0, 5), (5, 6)]
[(1, 5), (2, 3), (2, 6), (4, 5)]
[(5, 6), (0, 3), (1, 2), (4, 5), (3, 4), (1, 5)]
[1, 1, 1, 0, 1, 0]

191
[(0, 1), (0, 3), (0, 4), (1, 3), (2, 4), (2, 5), (3, 4), (4, 6), (5, 6)]
2
[(2, 4), (0, 4), (0, 1), (1, 3), (4, 6), (5, 6)]
[(0, 3), (2, 5), (3, 4)]
[(5, 6), (2, 5), (0, 3), (3, 4), (1, 3), (4, 6)]
[1, 0, 0, 0, 1, 1]

192
[(0, 1), (0, 2), (0, 5), (1, 2), (1, 3), (1, 4), (1, 5), (3, 4), (3, 5), (4, 6)]
3
[(1, 3), (0, 1), (0, 2), (0, 5), (1, 4), (4, 6)]
[(1, 2), (1, 5), (3, 4), (3, 5)]
[(3, 5), (1, 4), (1, 2), (3, 4), (1, 5), (0, 1)]
[0, 1, 0, 0, 0, 1]

193
[(0, 1), (0, 2), (0, 4), (0, 5), (1, 2), (1, 3), (2, 4), (2, 5), (2, 6), (3, 4), (3, 5)]
1
[(0, 1), (0, 2), (2, 4), (3, 4), (3, 5), (2, 6)]
[(0, 4), (0, 5), (1, 2), (1, 3), (2, 5)]
[(0, 5), (0, 2), (3, 5), (0, 1), (1, 2), (2, 4)]
[0, 1, 1, 1, 0, 1]

194
[(0, 2), (0, 3), (0, 5), (0, 6), (1, 2), (1, 6), (3, 5), (4, 5), (4, 6), (5, 6)]
6
[(0, 6), (0, 2), (1, 2), (0, 3), (3, 5), (4, 5)]
[(0, 5), (1, 6), (4, 6), (5, 6)]
[(3, 5), (0, 5), (0, 6), (1, 6), (4, 5), (4, 6)]
[1, 0, 1, 0, 1, 0]

195
[(0, 1), (0, 2), (0, 3), (0, 6), (1, 3), (1, 5), (1, 6), (2, 4), (2, 5), (2, 6), (5, 6)]
2
[(0, 2), (0, 1), (1, 3), (1, 5), (5, 6), (2, 4)]
[(0, 3), (0, 6), (1, 6), (2, 5), (2, 6)]
[(0, 2), (1, 6), (1, 5), (1, 3), (2, 5), (2, 6)]
[1, 0, 1, 1, 0, 0]

196
[(0, 1), (0, 2), (0, 5), (0, 6), (1, 5), (2, 5), (3, 5), (3, 6), (4, 5), (4, 6)]
5
[(0, 5), (0, 1), (0, 2), (0, 6), (3, 6), (4, 6)]
[(1, 5), (2, 5), (3, 5), (4, 5)]
[(1, 5), (0, 2), (4, 5), (3, 6), (2, 5), (0, 6)]
[0, 1, 0, 1, 0, 1]

197
[(0, 2), (0, 4), (1, 3), (2, 4), (2, 5), (3, 4), (4, 5), (4, 6), (5, 6)]
4
[(0, 4), (0, 2), (2, 5), (5, 6), (3, 4), (1, 3)]
[(2, 4), (4, 5), (4, 6)]
[(2, 4), (5, 6), (4, 5), (4, 6), (2, 5), (0, 4)]
[0, 1, 0, 0, 1, 1]

198
[(0, 2), (0, 5), (0, 6), (1, 3), (1, 4), (1, 5), (1, 6), (2, 5), (3, 5)]
1
[(1, 3), (3, 5), (0, 5), (0, 2), (0, 6), (1, 4)]
[(1, 5), (1, 6), (2, 5)]
[(0, 6), (1, 6), (3, 5), (2, 5), (1, 3), (1, 5)]
[1, 0, 1, 0, 1, 0]

199
[(0, 2), (0, 5), (1, 3), (2, 3), (2, 4), (3, 4), (3, 5), (3, 6), (5, 6)]
4
[(2, 4), (0, 2), (0, 5), (3, 5), (1, 3), (3, 6)]
[(2, 3), (3, 4), (5, 6)]
[(5, 6), (1, 3), (0, 5), (0, 2), (3, 5), (2, 4)]
[0, 1, 1, 1, 1, 1]

200
[(0, 3), (0, 4), (1, 2), (1, 5), (1, 6), (2, 4), (2, 6), (3, 4), (5, 6)]
0
[(0, 3), (3, 4), (2, 4), (1, 2), (1, 5), (5, 6)]
[(0, 4), (1, 6), (2, 6)]
[(5, 6), (2, 4), (1, 2), (1, 6), (2, 6), (0, 4)]
[1, 1, 1, 0, 0, 0]

201
[(0, 2), (0, 6), (1, 4), (1, 5), (3, 4), (3, 5), (4, 5), (4, 6), (5, 6)]
4
[(1, 4), (1, 5), (3, 5), (5, 6), (0, 6), (0, 2)]
[(3, 4), (4, 5), (4, 6)]
[(1, 4), (1, 5), (3, 5), (0, 6), (0, 2), (3, 4)]
[1, 1, 1, 1, 1, 0]

202
[(0, 4), (0, 5), (0, 6), (1, 2), (1, 3), (1, 4), (2, 5), (3, 4), (3, 6), (4, 5)]
4
[(0, 4), (0, 5), (2, 5), (1, 2), (1, 3), (3, 6)]
[(0, 6), (1, 4), (3, 4), (4, 5)]
[(1, 4), (1, 3), (4, 5), (1, 2), (0, 6), (0, 5)]
[0, 1, 0, 1, 0, 1]

203
[(0, 2), (0, 3), (0, 4), (0, 6), (1, 3), (1, 4), (1, 5), (2, 6), (4, 5), (5, 6)]
6
[(0, 6), (0, 2), (0, 3), (1, 3), (1, 4), (4, 5)]
[(0, 4), (1, 5), (2, 6), (5, 6)]
[(0, 6), (0, 2), (1, 4), (4, 5), (2, 6), (0, 3)]
[1, 1, 1, 1, 0, 1]

204
[(0, 2), (0, 4), (1, 3), (1, 6), (2, 4), (2, 5), (2, 6), (3, 4), (3, 6), (5, 6)]
0
[(0, 2), (2, 4), (3, 4), (1, 3), (1, 6), (5, 6)]
[(0, 4), (2, 5), (2, 6), (3, 6)]
[(1, 3), (5, 6), (0, 2), (3, 6), (3, 4), (2, 4)]
[1, 1, 1, 0, 1, 1]

205
[(0, 4), (0, 5), (0, 6), (1, 6), (2, 3), (2, 6), (3, 6), (4, 5), (5, 6)]
0
[(0, 4), (4, 5), (5, 6), (1, 6), (2, 6), (2, 3)]
[(0, 5), (0, 6), (3, 6)]
[(5, 6), (0, 5), (0, 4), (1, 6), (3, 6), (0, 6)]
[1, 0, 1, 1, 0, 0]

206
[(0, 1), (0, 2), (0, 4), (0, 5), (1, 6), (2, 3), (2, 6), (3, 5), (3, 6), (4, 6)]
5
[(0, 5), (0, 1), (1, 6), (2, 6), (2, 3), (4, 6)]
[(0, 2), (0, 4), (3, 5), (3, 6)]
[(1, 6), (3, 5), (0, 1), (3, 6), (4, 6), (0, 4)]
[1, 0, 1, 0, 1, 0]

207
[(0, 1), (0, 3), (0, 5), (1, 4), (1, 5), (2, 4), (3, 4), (3, 6), (4, 5), (5, 6)]
6
[(3, 6), (0, 3), (0, 1), (1, 4), (2, 4), (4, 5)]
[(0, 5), (1, 5), (3, 4), (5, 6)]
[(0, 3), (5, 6), (1, 4), (4, 5), (0, 1), (2, 4)]
[1, 0, 1, 1, 1, 1]

208
[(0, 3), (0, 4), (1, 2), (1, 3), (1, 5), (1, 6), (2, 4), (3, 4), (3, 5), (3, 6)]
5
[(1, 5), (1, 2), (2, 4), (0, 4), (0, 3), (3, 6)]
[(1, 3), (1, 6), (3, 4), (3, 5)]
[(3, 5), (3, 6), (0, 3), (0, 4), (1, 5), (3, 4)]
[0, 1, 1, 1, 1, 0]

209
[(0, 4), (1, 2), (1, 3), (1, 4), (1, 6), (2, 3), (3, 5), (3, 6), (4, 5)]
3
[(1, 3), (1, 2), (1, 4), (0, 4), (4, 5), (1, 6)]
[(2, 3), (3, 5), (3, 6)]
[(4, 5), (0, 4), (1, 6), (1, 3), (1, 4), (2, 3)]
[1, 1, 1, 1, 1, 0]

210
[(0, 1), (0, 2), (0, 3), (0, 4), (1, 4), (1, 6), (2, 3), (2, 4), (2, 5), (3, 4), (3, 6)]
4
[(0, 4), (0, 1), (1, 6), (3, 6), (2, 3), (2, 5)]
[(0, 2), (0, 3), (1, 4), (2, 4), (3, 4)]
[(3, 4), (3, 6), (0, 1), (0, 2), (2, 5), (0, 4)]
[0, 1, 1, 0, 1, 1]

211
[(0, 3), (0, 5), (1, 2), (1, 6), (2, 4), (3, 4), (3, 5), (3, 6), (4, 6)]
4
[(2, 4), (1, 2), (1, 6), (3, 6), (0, 3), (0, 5)]
[(3, 4), (3, 5), (4, 6)]
[(4, 6), (3, 6), (1, 6), (1, 2), (0, 5), (3, 4)]
[0, 1, 1, 1, 1, 0]

212
[(0, 1), (0, 2), (2, 3), (3, 4), (3, 5), (3, 6), (4, 5), (4, 6), (5, 6)]
1
[(0, 1), (0, 2), (2, 3), (3, 4), (4, 5), (5, 6)]
[(3, 5), (3, 6), (4, 6)]
[(2, 3), (0, 1), (4, 6), (3, 4), (3, 6), (4, 5)]
[1, 1, 0, 1, 0, 1]

213
[(0, 1), (0, 3), (0, 6), (1, 2), (1, 6), (2, 3), (2, 5), (3, 5), (3, 6), (4, 5)]
6
[(0, 6), (0, 1), (1, 2), (2, 3), (3, 5), (4, 5)]
[(0, 3), (1, 6), (2, 5), (3, 6)]
[(0, 3), (0, 1), (1, 2), (1, 6), (3, 6), (2, 5)]
[0, 1, 1, 0, 0, 0]

214
[(0, 1), (0, 3), (0, 5), (0, 6), (1, 2), (1, 3), (1, 6), (2, 4), (2, 5), (2, 6)]
1
[(0, 1), (0, 3), (0, 5), (2, 5), (2, 4), (2, 6)]
[(0, 6), (1, 2), (1, 3), (1, 6)]
[(1, 6), (2, 4), (0, 1), (1, 3), (0, 3), (0, 6)]
[0, 1, 1, 0, 1, 0]

215
[(0, 1), (0, 2), (0, 3), (0, 5), (0, 6), (1, 6), (2, 3), (2, 4), (2, 5), (3, 5)]
0
[(0, 1), (1, 6), (0, 2), (2, 3), (3, 5), (2, 4)]
[(0, 3), (0, 5), (0, 6), (2, 5)]
[(0, 1), (1, 6), (2, 4), (2, 3), (0, 3), (3, 5)]
[1, 1, 1, 1, 0, 1]

216
[(0, 1), (0, 6), (1, 2), (1, 4), (1, 6), (2, 5), (2, 6), (3, 5), (4, 5)]
2
[(1, 2), (0, 1), (0, 6), (1, 4), (4, 5), (3, 5)]
[(1, 6), (2, 5), (2, 6)]
[(2, 5), (0, 6), (0, 1), (1, 2), (1, 4), (4, 5)]
[0, 1, 1, 1, 1, 1]

217
[(0, 3), (0, 5), (1, 2), (1, 3), (1, 5), (1, 6), (2, 5), (2, 6), (3, 6), (4, 5)]
1
[(1, 2), (2, 5), (0, 5), (0, 3), (3, 6), (4, 5)]
[(1, 3), (1, 5), (1, 6), (2, 6)]
[(1, 3), (2, 5), (0, 3), (0, 5), (1, 2), (3, 6)]
[0, 1, 1, 1, 1, 1]

218
[(0, 1), (0, 4), (0, 6), (2, 4), (2, 5), (2, 6), (3, 4), (3, 5), (5, 6)]
1
[(0, 1), (0, 4), (2, 4), (2, 5), (3, 5), (5, 6)]
[(0, 6), (2, 6), (3, 4)]
[(2, 5), (0, 1), (2, 4), (0, 4), (0, 6), (3, 5)]
[1, 1, 1, 1, 0, 1]

219
[(0, 3), (0, 4), (0, 6), (1, 4), (1, 6), (2, 4), (2, 5), (3, 4), (3, 6), (4, 6), (5, 6)]
4
[(0, 4), (0, 3), (3, 6), (1, 6), (5, 6), (2, 5)]
[(0, 6), (1, 4), (2, 4), (3, 4), (4, 6)]
[(2, 4), (1, 6), (0, 6), (2, 5), (0, 3), (3, 6)]
[0, 1, 0, 1, 1, 1]

220
[(0, 2), (0, 4), (0, 6), (1, 2), (1, 5), (1, 6), (2, 3), (2, 4), (2, 6), (3, 6), (4, 6)]
2
[(0, 2), (0, 4), (4, 6), (1, 6), (1, 5), (3, 6)]
[(0, 6), (1, 2), (2, 3), (2, 4), (2, 6)]
[(1, 5), (2, 6), (1, 2), (2, 3), (0, 4), (0, 6)]
[1, 0, 0, 0, 1, 0]

221
[(0, 1), (0, 5), (0, 6), (1, 5), (1, 6), (2, 3), (2, 4), (3, 5), (4, 5), (5, 6)]
6
[(0, 6), (0, 1), (1, 5), (3, 5), (2, 3), (2, 4)]
[(0, 5), (1, 6), (4, 5), (5, 6)]
[(4, 5), (0, 5), (1, 5), (2, 4), (2, 3), (0, 1)]
[0, 0, 1, 1, 1, 1]

222
[(0, 1), (0, 6), (1, 4), (1, 5), (1, 6), (2, 4), (3, 4), (3, 5), (5, 6)]
4
[(1, 4), (0, 1), (0, 6), (5, 6), (3, 5), (2, 4)]
[(1, 5), (1, 6), (3, 4)]
[(1, 4), (3, 4), (3, 5), (0, 6), (1, 5), (1, 6)]
[1, 0, 1, 1, 0, 0]

223
[(0, 1), (0, 3), (0, 5), (1, 2), (1, 5), (2, 4), (2, 6), (3, 6), (4, 6)]
4
[(2, 4), (1, 2), (0, 1), (0, 3), (3, 6), (0, 5)]
[(1, 5), (2, 6), (4, 6)]
[(1, 5), (1, 2), (2, 4), (3, 6), (0, 1), (0, 3)]
[0, 1, 1, 1, 1, 1]

224
[(0, 1), (0, 3), (0, 5), (1, 5), (1, 6), (2, 4), (2, 6), (3, 4), (3, 6), (5, 6)]
5
[(0, 5), (0, 1), (1, 6), (2, 6), (2, 4), (3, 4)]
[(0, 3), (1, 5), (3, 6), (5, 6)]
[(0, 3), (0, 5), (1, 5), (3, 6), (2, 6), (5, 6)]
[0, 1, 0, 0, 1, 0]

225
[(0, 1), (0, 2), (1, 2), (1, 3), (1, 4), (1, 5), (1, 6), (2, 4), (2, 5), (2, 6), (3, 5)]
6
[(1, 6), (0, 1), (0, 2), (2, 4), (2, 5), (3, 5)]
[(1, 2), (1, 3), (1, 4), (1, 5), (2, 6)]
[(1, 3), (0, 2), (1, 2), (2, 4), (1, 4), (1, 5)]
[0, 1, 0, 1, 0, 0]

226
[(0, 2), (0, 4), (0, 6), (1, 2), (1, 5), (2, 3), (3, 6), (4, 5), (5, 6)]
4
[(0, 4), (0, 2), (1, 2), (1, 5), (5, 6), (3, 6)]
[(0, 6), (2, 3), (4, 5)]
[(2, 3), (4, 5), (0, 6), (1, 5), (5, 6), (0, 2)]
[0, 0, 0, 1, 1, 1]

227
[(0, 1), (0, 3), (1, 2), (1, 4), (1, 5), (1, 6), (2, 3), (2, 4), (4, 5), (4, 6)]
6
[(1, 6), (0, 1), (0, 3), (2, 3), (2, 4), (4, 5)]
[(1, 2), (1, 4), (1, 5), (4, 6)]
[(2, 3), (1, 2), (1, 4), (4, 6), (4, 5), (1, 5)]
[1, 0, 0, 0, 1, 0]

228
[(0, 1), (0, 5), (0, 6), (1, 2), (1, 3), (1, 6), (2, 5), (2, 6), (4, 5), (4, 6)]
0
[(0, 1), (1, 2), (2, 5), (4, 5), (4, 6), (1, 3)]
[(0, 5), (0, 6), (1, 6), (2, 6)]
[(0, 1), (0, 6), (2, 5), (2, 6), (1, 2), (4, 5)]
[1, 0, 1, 0, 1, 1]

229
[(0, 2), (0, 3), (1, 2), (1, 3), (1, 5), (1, 6), (2, 3), (2, 4), (3, 4), (3, 5)]
2
[(0, 2), (0, 3), (1, 3), (1, 5), (1, 6), (3, 4)]
[(1, 2), (2, 3), (2, 4), (3, 5)]
[(0, 3), (2, 3), (1, 3), (0, 2), (1, 5), (3, 4)]
[1, 0, 1, 1, 1, 1]

230
[(0, 1), (0, 2), (0, 4), (1, 2), (1, 3), (1, 6), (2, 5), (2, 6), (3, 5), (5, 6)]
5
[(2, 5), (0, 2), (0, 1), (1, 3), (1, 6), (0, 4)]
[(1, 2), (2, 6), (3, 5), (5, 6)]
[(0, 2), (1, 6), (0, 4), (2, 5), (5, 6), (0, 1)]
[1, 1, 1, 1, 0, 1]

231
[(0, 4), (0, 5), (0, 6), (1, 2), (1, 4), (1, 5), (2, 4), (3, 4), (4, 5), (4, 6), (5, 6)]
3
[(3, 4), (0, 4), (0, 5), (1, 5), (1, 2), (5, 6)]
[(0, 6), (1, 4), (2, 4), (4, 5), (4, 6)]
[(1, 4), (3, 4), (4, 5), (1, 5), (0, 6), (4, 6)]
[0, 1, 0, 1, 0, 0]

232
[(0, 4), (0, 5), (0, 6), (1, 4), (2, 4), (2, 5), (2, 6), (3, 4), (5, 6)]
6
[(0, 6), (0, 4), (1, 4), (2, 4), (2, 5), (3, 4)]
[(0, 5), (2, 6), (5, 6)]
[(3, 4), (0, 5), (0, 6), (2, 4), (2, 6), (2, 5)]
[1, 0, 1, 1, 0, 1]

233
[(0, 3), (0, 5), (0, 6), (1, 2), (1, 3), (1, 4), (1, 5), (1, 6), (2, 4), (2, 6)]
1
[(1, 2), (2, 4), (2, 6), (0, 6), (0, 3), (0, 5)]
[(1, 3), (1, 4), (1, 5), (1, 6)]
[(0, 5), (1, 4), (0, 3), (2, 4), (1, 6), (1, 3)]
[1, 0, 1, 1, 0, 0]

234
[(0, 1), (0, 3), (0, 6), (1, 2), (1, 4), (1, 5), (1, 6), (2, 4), (4, 5)]
1
[(0, 1), (0, 3), (0, 6), (1, 2), (2, 4), (4, 5)]
[(1, 4), (1, 5), (1, 6)]
[(1, 6), (1, 2), (1, 4), (1, 5), (2, 4), (4, 5)]
[0, 1, 0, 0, 1, 1]

235
[(0, 1), (0, 3), (0, 4), (0, 5), (1, 2), (1, 3), (1, 4), (1, 6), (2, 3), (3, 4), (4, 6)]
5
[(0, 5), (0, 1), (1, 2), (2, 3), (3, 4), (4, 6)]
[(0, 3), (0, 4), (1, 3), (1, 4), (1, 6)]
[(3, 4), (1, 2), (0, 1), (0, 5), (1, 4), (1, 6)]
[1, 1, 1, 1, 0, 0]

236
[(0, 1), (0, 2), (0, 3), (0, 5), (1, 6), (2, 4), (2, 6), (3, 6), (4, 5), (5, 6)]
0
[(0, 1), (1, 6), (2, 6), (2, 4), (4, 5), (3, 6)]
[(0, 2), (0, 3), (0, 5), (5, 6)]
[(2, 6), (0, 5), (3, 6), (1, 6), (0, 1), (4, 5)]
[1, 0, 1, 1, 1, 1]

237
[(0, 3), (0, 5), (0, 6), (1, 3), (1, 5), (2, 3), (3, 4), (3, 5), (3, 6), (4, 5), (4, 6)]
5
[(0, 5), (0, 3), (1, 3), (2, 3), (3, 4), (4, 6)]
[(0, 6), (1, 5), (3, 5), (3, 6), (4, 5)]
[(3, 4), (2, 3), (4, 5), (1, 3), (4, 6), (0, 5)]
[1, 1, 0, 1, 1, 1]

238
[(0, 1), (0, 3), (0, 4), (0, 5), (0, 6), (2, 5), (2, 6), (3, 4), (4, 5)]
4
[(0, 4), (0, 1), (0, 3), (0, 5), (2, 5), (2, 6)]
[(0, 6), (3, 4), (4, 5)]
[(0, 6), (0, 3), (4, 5), (0, 4), (3, 4), (2, 6)]
[0, 1, 0, 1, 0, 1]

239
[(0, 5), (0, 6), (1, 4), (1, 5), (2, 4), (2, 6), (3, 4), (4, 5), (4, 6), (5, 6)]
5
[(0, 5), (0, 6), (2, 6), (2, 4), (1, 4), (3, 4)]
[(1, 5), (4, 5), (4, 6), (5, 6)]
[(1, 4), (3, 4), (5, 6), (0, 5), (4, 6), (4, 5)]
[1, 1, 0, 1, 0, 0]

240
[(0, 3), (0, 5), (0, 6), (1, 4), (2, 3), (2, 4), (2, 6), (3, 5), (3, 6), (4, 5), (5, 6)]
0
[(0, 3), (2, 3), (2, 4), (1, 4), (4, 5), (5, 6)]
[(0, 5), (0, 6), (2, 6), (3, 5), (3, 6)]
[(0, 6), (2, 3), (4, 5), (2, 4), (5, 6), (1, 4)]
[0, 1, 1, 1, 1, 1]

241
[(0, 1), (0, 2), (1, 2), (1, 4), (1, 5), (2, 3), (2, 6), (3, 5), (4, 6)]
0
[(0, 1), (1, 2), (2, 3), (3, 5), (2, 6), (4, 6)]
[(0, 2), (1, 4), (1, 5)]
[(1, 2), (1, 4), (4, 6), (2, 3), (0, 1), (2, 6)]
[1, 0, 1, 1, 1, 1]

242
[(0, 2), (0, 4), (0, 5), (1, 2), (1, 5), (2, 3), (2, 4), (3, 4), (3, 5), (4, 5), (4, 6)]
6
[(4, 6), (0, 4), (0, 2), (1, 2), (1, 5), (3, 5)]
[(0, 5), (2, 3), (2, 4), (3, 4), (4, 5)]
[(4, 5), (0, 2), (1, 5), (3, 4), (1, 2), (4, 6)]
[0, 1, 1, 0, 1, 1]

243
[(0, 1), (0, 2), (0, 3), (0, 6), (1, 3), (2, 4), (2, 5), (2, 6), (4, 5)]
6
[(0, 6), (0, 1), (1, 3), (0, 2), (2, 4), (4, 5)]
[(0, 3), (2, 5), (2, 6)]
[(2, 4), (2, 5), (0, 2), (0, 3), (0, 1), (1, 3)]
[1, 0, 1, 0, 1, 1]

244
[(0, 1), (0, 2), (0, 5), (1, 2), (3, 4), (3, 5), (3, 6), (4, 5), (4, 6), (5, 6)]
2
[(0, 2), (0, 1), (0, 5), (3, 5), (3, 4), (4, 6)]
[(1, 2), (3, 6), (4, 5), (5, 6)]
[(5, 6), (3, 6), (4, 5), (0, 2), (0, 5), (1, 2)]
[0, 0, 0, 1, 1, 0]

245
[(0, 2), (0, 4), (0, 5), (0, 6), (1, 3), (1, 6), (2, 5), (3, 5), (4, 5), (4, 6)]
0
[(0, 2), (2, 5), (3, 5), (1, 3), (1, 6), (4, 6)]
[(0, 4), (0, 5), (0, 6), (4, 5)]
[(0, 6), (0, 2), (0, 4), (1, 6), (4, 5), (0, 5)]
[0, 1, 0, 1, 0, 0]

246
[(0, 6), (1, 3), (1, 4), (1, 6), (2, 3), (2, 5), (2, 6), (3, 4), (3, 5), (4, 5)]
1
[(1, 3), (2, 3), (2, 5), (4, 5), (2, 6), (0, 6)]
[(1, 4), (1, 6), (3, 4), (3, 5)]
[(3, 4), (2, 6), (3, 5), (1, 6), (2, 5), (1, 4)]
[0, 1, 0, 0, 1, 0]

247
[(0, 3), (1, 2), (1, 4), (1, 5), (1, 6), (2, 3), (2, 4), (2, 6), (3, 5), (5, 6)]
5
[(1, 5), (1, 2), (2, 3), (0, 3), (2, 4), (2, 6)]
[(1, 4), (1, 6), (3, 5), (5, 6)]
[(2, 4), (3, 5), (1, 4), (0, 3), (1, 6), (2, 3)]
[1, 0, 0, 1, 0, 1]

248
[(0, 1), (0, 4), (0, 5), (1, 2), (1, 4), (1, 5), (2, 4), (2, 5), (3, 4), (3, 5), (3, 6)]
5
[(0, 5), (0, 1), (1, 2), (2, 4), (3, 4), (3, 6)]
[(0, 4), (1, 4), (1, 5), (2, 5), (3, 5)]
[(1, 4), (3, 6), (0, 4), (2, 5), (0, 1), (3, 5)]
[0, 1, 0, 0, 1, 0]

249
[(0, 1), (0, 3), (1, 6), (2, 3), (2, 4), (2, 5), (3, 4), (4, 5), (5, 6)]
5
[(2, 5), (2, 3), (0, 3), (0, 1), (1, 6), (3, 4)]
[(2, 4), (4, 5), (5, 6)]
[(2, 5), (5, 6), (2, 4), (0, 1), (4, 5), (1, 6)]
[1, 0, 0, 1, 0, 1]

250
[(0, 3), (0, 5), (0, 6), (1, 2), (1, 5), (2, 5), (3, 4), (3, 5), (4, 5), (5, 6)]
5
[(0, 5), (0, 3), (3, 4), (0, 6), (1, 5), (1, 2)]
[(2, 5), (3, 5), (4, 5), (5, 6)]
[(1, 2), (4, 5), (2, 5), (0, 3), (5, 6), (0, 5)]
[1, 0, 0, 1, 0, 1]

251
[(0, 1), (0, 4), (1, 3), (1, 5), (2, 4), (2, 5), (2, 6), (3, 4), (3, 6), (4, 6)]
3
[(1, 3), (0, 1), (0, 4), (2, 4), (2, 5), (2, 6)]
[(1, 5), (3, 4), (3, 6), (4, 6)]
[(0, 4), (2, 5), (3, 4), (2, 6), (3, 6), (1, 3)]
[1, 1, 0, 1, 0, 1]

252
[(0, 1), (0, 2), (0, 3), (0, 4), (0, 5), (1, 5), (1, 6), (2, 5), (2, 6), (3, 4)]
2
[(0, 2), (0, 1), (1, 5), (1, 6), (0, 3), (3, 4)]
[(0, 4), (0, 5), (2, 5), (2, 6)]
[(2, 5), (3, 4), (1, 6), (0, 4), (0, 1), (0, 5)]
[0, 1, 1, 0, 1, 0]

253
[(0, 3), (0, 4), (1, 2), (1, 3), (2, 3), (2, 5), (2, 6), (3, 4), (3, 5), (3, 6)]
6
[(2, 6), (1, 2), (1, 3), (0, 3), (0, 4), (3, 5)]
[(2, 3), (2, 5), (3, 4), (3, 6)]
[(1, 3), (3, 5), (3, 6), (0, 3), (1, 2), (2, 6)]
[1, 1, 0, 1, 1, 1]

254
[(0, 1), (0, 2), (0, 3), (0, 4), (0, 5), (1, 2), (1, 3), (1, 5), (1, 6), (2, 4), (2, 6)]
1
[(0, 1), (0, 2), (2, 4), (2, 6), (0, 3), (0, 5)]
[(0, 4), (1, 2), (1, 3), (1, 5), (1, 6)]
[(0, 2), (0, 1), (2, 4), (0, 5), (0, 3), (1, 5)]
[1, 1, 1, 1, 1, 0]

255
[(0, 1), (0, 2), (0, 5), (1, 2), (1, 3), (1, 5), (2, 5), (3, 6), (4, 6), (5, 6)]
6
[(3, 6), (1, 3), (0, 1), (0, 2), (2, 5), (4, 6)]
[(0, 5), (1, 2), (1, 5), (5, 6)]
[(2, 5), (1, 3), (5, 6), (0, 5), (1, 2), (1, 5)]
[1, 1, 0, 0, 0, 0]

256
[(0, 3), (0, 6), (1, 2), (1, 3), (1, 4), (1, 6), (3, 4), (3, 5), (4, 6), (5, 6)]
6
[(0, 6), (0, 3), (1, 3), (1, 2), (1, 4), (3, 5)]
[(1, 6), (3, 4), (4, 6), (5, 6)]
[(0, 3), (3, 4), (1, 6), (1, 3), (4, 6), (0, 6)]
[1, 0, 0, 1, 0, 1]

257
[(0, 5), (0, 6), (1, 4), (1, 5), (2, 5), (2, 6), (3, 4), (3, 5), (4, 5), (4, 6), (5, 6)]
2
[(2, 5), (0, 5), (0, 6), (4, 6), (1, 4), (3, 4)]
[(1, 5), (2, 6), (3, 5), (4, 5), (5, 6)]
[(4, 5), (5, 6), (4, 6), (1, 5), (3, 4), (0, 5)]
[0, 0, 1, 0, 1, 1]

258
[(0, 3), (0, 5), (0, 6), (1, 5), (2, 3), (2, 4), (2, 5), (2, 6), (3, 6), (4, 5)]
0
[(0, 3), (2, 3), (2, 4), (4, 5), (1, 5), (2, 6)]
[(0, 5), (0, 6), (2, 5), (3, 6)]
[(2, 3), (4, 5), (0, 3), (2, 6), (0, 5), (1, 5)]
[1, 1, 1, 1, 0, 1]

259
[(0, 4), (0, 5), (1, 2), (2, 3), (2, 4), (2, 5), (2, 6), (4, 5), (4, 6), (5, 6)]
2
[(1, 2), (2, 3), (2, 4), (0, 4), (0, 5), (5, 6)]
[(2, 5), (2, 6), (4, 5), (4, 6)]
[(0, 5), (4, 5), (2, 5), (4, 6), (2, 6), (0, 4)]
[1, 0, 0, 0, 0, 1]

260
[(0, 1), (0, 5), (0, 6), (1, 3), (2, 5), (2, 6), (3, 5), (3, 6), (4, 6)]
6
[(0, 6), (0, 1), (1, 3), (3, 5), (2, 5), (4, 6)]
[(0, 5), (2, 6), (3, 6)]
[(3, 5), (1, 3), (0, 6), (0, 5), (0, 1), (2, 5)]
[1, 1, 1, 0, 1, 1]

261
[(0, 1), (0, 2), (0, 4), (0, 5), (1, 4), (1, 5), (2, 4), (2, 5), (2, 6), (3, 6), (4, 5)]
3
[(3, 6), (2, 6), (0, 2), (0, 1), (1, 4), (4, 5)]
[(0, 4), (0, 5), (1, 5), (2, 4), (2, 5)]
[(1, 4), (0, 4), (0, 5), (2, 4), (2, 5), (2, 6)]
[1, 0, 0, 0, 0, 1]

262
[(0, 2), (0, 4), (0, 5), (1, 4), (1, 5), (1, 6), (2, 5), (3, 5), (4, 6), (5, 6)]
6
[(1, 6), (1, 4), (0, 4), (0, 2), (2, 5), (3, 5)]
[(0, 5), (1, 5), (4, 6), (5, 6)]
[(4, 6), (2, 5), (0, 4), (3, 5), (1, 5), (1, 6)]
[0, 1, 1, 1, 0, 1]

263
[(0, 3), (1, 2), (1, 3), (1, 4), (1, 5), (2, 3), (2, 4), (2, 6), (3, 4), (4, 5)]
2
[(1, 2), (1, 3), (0, 3), (3, 4), (4, 5), (2, 6)]
[(1, 4), (1, 5), (2, 3), (2, 4)]
[(0, 3), (1, 3), (3, 4), (2, 6), (1, 4), (1, 2)]
[1, 1, 1, 1, 0, 1]

264
[(0, 1), (0, 2), (1, 2), (1, 4), (1, 6), (2, 3), (2, 4), (2, 6), (3, 6), (4, 6), (5, 6)]
6
[(1, 6), (0, 1), (0, 2), (2, 3), (2, 4), (5, 6)]
[(1, 2), (1, 4), (2, 6), (3, 6), (4, 6)]
[(0, 1), (4, 6), (2, 4), (0, 2), (2, 3), (1, 6)]
[1, 0, 1, 1, 1, 1]

265
[(0, 1), (0, 6), (1, 2), (1, 4), (2, 5), (2, 6), (3, 5), (4, 5), (4, 6)]
0
[(0, 1), (1, 2), (2, 5), (3, 5), (4, 5), (4, 6)]
[(0, 6), (1, 4), (2, 6)]
[(2, 6), (1, 4), (0, 6), (1, 2), (4, 6), (4, 5)]
[0, 0, 0, 1, 1, 1]

266
[(0, 2), (0, 4), (0, 6), (1, 6), (2, 3), (2, 6), (3, 5), (3, 6), (4, 5), (4, 6), (5, 6)]
2
[(0, 2), (0, 4), (4, 5), (3, 5), (3, 6), (1, 6)]
[(0, 6), (2, 3), (2, 6), (4, 6), (5, 6)]
[(0, 6), (0, 2), (3, 6), (5, 6), (2, 6), (2, 3)]
[0, 1, 1, 0, 0, 0]

267
[(0, 1), (0, 2), (0, 3), (0, 4), (0, 5), (0, 6), (1, 3), (1, 4), (1, 6), (3, 4), (4, 6)]
2
[(0, 2), (0, 1), (1, 3), (3, 4), (4, 6), (0, 5)]
[(0, 3), (0, 4), (0, 6), (1, 4), (1, 6)]
[(3, 4), (0, 3), (0, 1), (0, 5), (0, 4), (1, 3)]
[1, 0, 1, 1, 0, 1]

268
[(0, 3), (1, 3), (1, 4), (1, 5), (1, 6), (2, 3), (3, 4), (3, 5), (3, 6), (4, 5)]
2
[(2, 3), (0, 3), (1, 3), (1, 4), (4, 5), (1, 6)]
[(1, 5), (3, 4), (3, 5), (3, 6)]
[(1, 4), (0, 3), (2, 3), (1, 3), (3, 4), (4, 5)]
[1, 1, 1, 1, 0, 1]

269
[(0, 1), (1, 4), (1, 5), (1, 6), (2, 3), (2, 5), (2, 6), (3, 6), (4, 5), (4, 6), (5, 6)]
3
[(2, 3), (2, 5), (1, 5), (0, 1), (1, 4), (4, 6)]
[(1, 6), (2, 6), (3, 6), (4, 5), (5, 6)]
[(0, 1), (1, 5), (2, 3), (1, 6), (1, 4), (3, 6)]
[1, 1, 1, 0, 1, 0]

270
[(0, 1), (0, 2), (1, 4), (1, 6), (2, 3), (2, 4), (3, 4), (3, 6), (4, 5), (5, 6)]
0
[(0, 1), (1, 4), (2, 4), (2, 3), (3, 6), (5, 6)]
[(0, 2), (1, 6), (3, 4), (4, 5)]
[(1, 4), (3, 4), (0, 2), (3, 6), (0, 1), (5, 6)]
[1, 0, 0, 1, 1, 1]

271
[(0, 1), (0, 4), (0, 6), (1, 2), (1, 3), (1, 5), (1, 6), (2, 3), (3, 4), (5, 6)]
1
[(0, 1), (0, 4), (3, 4), (2, 3), (0, 6), (5, 6)]
[(1, 2), (1, 3), (1, 5), (1, 6)]
[(0, 1), (2, 3), (1, 5), (5, 6), (1, 6), (0, 4)]
[1, 1, 0, 1, 0, 1]

272
[(0, 1), (0, 2), (0, 4), (1, 3), (1, 6), (2, 3), (2, 6), (3, 5), (3, 6), (4, 5)]
0
[(0, 1), (1, 3), (2, 3), (2, 6), (3, 5), (4, 5)]
[(0, 2), (0, 4), (1, 6), (3, 6)]
[(3, 5), (0, 2), (3, 6), (1, 3), (4, 5), (0, 1)]
[1, 0, 0, 1, 1, 1]

273
[(0, 2), (1, 2), (1, 3), (1, 6), (2, 3), (2, 4), (2, 5), (2, 6), (3, 6), (5, 6)]
0
[(0, 2), (1, 2), (1, 3), (3, 6), (5, 6), (2, 4)]
[(1, 6), (2, 3), (2, 5), (2, 6)]
[(1, 3), (2, 3), (1, 6), (2, 6), (1, 2), (2, 5)]
[1, 0, 0, 0, 1, 0]

274
[(0, 2), (0, 3), (0, 6), (1, 4), (1, 5), (2, 3), (2, 6), (3, 6), (4, 5), (4, 6)]
3
[(0, 3), (0, 2), (2, 6), (4, 6), (1, 4), (1, 5)]
[(0, 6), (2, 3), (3, 6), (4, 5)]
[(2, 6), (1, 4), (0, 2), (1, 5), (0, 3), (3, 6)]
[1, 1, 1, 1, 1, 0]

275
[(0, 1), (0, 2), (0, 3), (1, 2), (1, 4), (2, 3), (2, 4), (2, 5), (3, 4), (3, 5), (4, 6)]
2
[(0, 2), (0, 1), (1, 4), (3, 4), (3, 5), (4, 6)]
[(0, 3), (1, 2), (2, 3), (2, 4), (2, 5)]
[(2, 4), (2, 3), (4, 6), (2, 5), (1, 2), (0, 1)]
[0, 0, 1, 0, 0, 1]

276
[(0, 1), (0, 2), (0, 6), (1, 2), (1, 4), (2, 4), (2, 6), (3, 4), (3, 5), (4, 5)]
0
[(0, 1), (1, 2), (2, 4), (3, 4), (3, 5), (2, 6)]
[(0, 2), (0, 6), (1, 4), (4, 5)]
[(1, 2), (3, 5), (0, 1), (2, 4), (3, 4), (1, 4)]
[1, 1, 1, 1, 1, 0]

277
[(0, 1), (0, 4), (1, 3), (2, 3), (2, 4), (3, 5), (3, 6), (4, 6), (5, 6)]
5
[(3, 5), (1, 3), (0, 1), (0, 4), (2, 4), (4, 6)]
[(2, 3), (3, 6), (5, 6)]
[(5, 6), (3, 6), (3, 5), (2, 3), (1, 3), (4, 6)]
[0, 0, 1, 0, 1, 1]

278
[(0, 2), (0, 3), (0, 5), (1, 2), (1, 4), (1, 5), (1, 6), (2, 6), (4, 5), (5, 6)]
6
[(1, 6), (1, 2), (0, 2), (0, 3), (0, 5), (4, 5)]
[(1, 4), (1, 5), (2, 6), (5, 6)]
[(4, 5), (0, 5), (1, 6), (1, 5), (1, 2), (2, 6)]
[1, 1, 1, 0, 1, 0]

279
[(0, 2), (0, 4), (0, 6), (1, 2), (1, 5), (1, 6), (2, 5), (3, 4), (4, 6), (5, 6)]
1
[(1, 2), (0, 2), (0, 4), (3, 4), (4, 6), (5, 6)]
[(0, 6), (1, 5), (1, 6), (2, 5)]
[(3, 4), (1, 2), (1, 6), (0, 4), (5, 6), (2, 5)]
[1, 1, 0, 1, 1, 0]

280
[(0, 1), (0, 3), (0, 6), (1, 3), (1, 4), (1, 6), (2, 5), (3, 6), (4, 5), (4, 6)]
6
[(0, 6), (0, 1), (1, 3), (1, 4), (4, 5), (2, 5)]
[(0, 3), (1, 6), (3, 6), (4, 6)]
[(0, 6), (2, 5), (1, 4), (0, 1), (1, 3), (0, 3)]
[1, 1, 1, 1, 1, 0]

281
[(0, 5), (0, 6), (1, 6), (2, 3), (2, 4), (2, 6), (3, 5), (4, 5), (5, 6)]
6
[(0, 6), (0, 5), (3, 5), (2, 3), (2, 4), (1, 6)]
[(2, 6), (4, 5), (5, 6)]
[(0, 6), (4, 5), (1, 6), (3, 5), (2, 4), (0, 5)]
[1, 0, 1, 1, 1, 1]

282
[(0, 1), (0, 3), (0, 4), (0, 5), (1, 2), (3, 5), (3, 6), (4, 5), (4, 6)]
1
[(0, 1), (0, 3), (3, 5), (4, 5), (4, 6), (1, 2)]
[(0, 4), (0, 5), (3, 6)]
[(0, 3), (0, 5), (1, 2), (0, 4), (4, 5), (3, 5)]
[1, 0, 1, 0, 1, 1]

283
[(0, 3), (0, 4), (1, 2), (2, 3), (2, 4), (3, 5), (3, 6), (4, 5), (4, 6)]
5
[(3, 5), (0, 3), (0, 4), (2, 4), (1, 2), (4, 6)]
[(2, 3), (3, 6), (4, 5)]
[(3, 6), (0, 3), (4, 5), (4, 6), (3, 5), (0, 4)]
[0, 1, 0, 1, 1, 1]

284
[(0, 2), (0, 3), (0, 6), (1, 2), (1, 3), (2, 4), (2, 5), (3, 4), (3, 5), (4, 6)]
4
[(2, 4), (0, 2), (0, 3), (1, 3), (3, 5), (0, 6)]
[(1, 2), (2, 5), (3, 4), (4, 6)]
[(1, 2), (2, 5), (3, 4), (4, 6), (3, 5), (2, 4)]
[0, 0, 0, 0, 1, 1]

285
[(0, 1), (0, 5), (1, 2), (1, 3), (1, 5), (1, 6), (2, 5), (3, 4), (4, 5), (5, 6)]
1
[(0, 1), (0, 5), (2, 5), (4, 5), (3, 4), (5, 6)]
[(1, 2), (1, 3), (1, 5), (1, 6)]
[(2, 5), (3, 4), (1, 6), (1, 3), (1, 5), (1, 2)]
[1, 1, 0, 0, 0, 0]

286
[(0, 2), (0, 4), (0, 5), (1, 3), (2, 3), (2, 5), (3, 4), (3, 5), (3, 6), (4, 6)]
3
[(1, 3), (2, 3), (0, 2), (0, 4), (4, 6), (0, 5)]
[(2, 5), (3, 4), (3, 5), (3, 6)]
[(0, 5), (3, 6), (3, 5), (4, 6), (0, 4), (2, 5)]
[1, 0, 0, 1, 1, 0]

287
[(0, 1), (0, 2), (0, 3), (0, 5), (0, 6), (1, 2), (1, 5), (2, 5), (4, 5), (5, 6)]
0
[(0, 1), (1, 2), (2, 5), (4, 5), (5, 6), (0, 3)]
[(0, 2), (0, 5), (0, 6), (1, 5)]
[(0, 1), (0, 2), (0, 6), (5, 6), (4, 5), (1, 5)]
[1, 0, 0, 1, 1, 0]

288
[(0, 2), (0, 3), (0, 4), (1, 2), (1, 3), (1, 4), (1, 6), (2, 3), (2, 6), (3, 4), (5, 6)]
0
[(0, 2), (1, 2), (1, 3), (3, 4), (1, 6), (5, 6)]
[(0, 3), (0, 4), (1, 4), (2, 3), (2, 6)]
[(3, 4), (5, 6), (1, 2), (0, 2), (0, 3), (1, 3)]
[1, 1, 1, 1, 0, 1]

289
[(0, 4), (0, 6), (1, 3), (1, 4), (1, 5), (2, 3), (2, 4), (2, 5), (2, 6), (3, 4)]
1
[(1, 3), (2, 3), (2, 4), (0, 4), (0, 6), (2, 5)]
[(1, 4), (1, 5), (2, 6), (3, 4)]
[(3, 4), (1, 3), (2, 4), (2, 6), (0, 4), (1, 5)]
[0, 1, 1, 0, 1, 0]

290
[(0, 3), (0, 6), (1, 3), (2, 3), (2, 4), (2, 5), (2, 6), (3, 4), (4, 5), (4, 6)]
6
[(0, 6), (0, 3), (1, 3), (2, 3), (2, 4), (4, 5)]
[(2, 5), (2, 6), (3, 4), (4, 6)]
[(2, 3), (0, 3), (1, 3), (4, 6), (2, 4), (0, 6)]
[1, 1, 1, 0, 1, 1]

291
[(0, 2), (1, 4), (1, 5), (2, 3), (2, 4), (3, 4), (3, 6), (4, 5), (4, 6)]
2
[(0, 2), (2, 3), (3, 4), (1, 4), (1, 5), (4, 6)]
[(2, 4), (3, 6), (4, 5)]
[(3, 6), (2, 4), (0, 2), (2, 3), (4, 5), (3, 4)]
[0, 0, 1, 1, 0, 1]

292
[(0, 1), (1, 2), (1, 5), (1, 6), (2, 4), (2, 5), (3, 4), (4, 5), (4, 6), (5, 6)]
6
[(1, 6), (0, 1), (1, 2), (2, 4), (3, 4), (4, 5)]
[(1, 5), (2, 5), (4, 6), (5, 6)]
[(5, 6), (4, 5), (3, 4), (1, 5), (4, 6), (2, 5)]
[0, 1, 1, 0, 0, 0]

293
[(0, 1), (0, 4), (0, 5), (1, 2), (1, 3), (1, 4), (2, 4), (2, 5), (2, 6), (3, 5), (4, 5)]
2
[(1, 2), (0, 1), (0, 4), (4, 5), (3, 5), (2, 6)]
[(0, 5), (1, 3), (1, 4), (2, 4), (2, 5)]
[(1, 3), (3, 5), (4, 5), (0, 1), (0, 5), (2, 6)]
[0, 1, 1, 1, 0, 1]

294
[(0, 1), (0, 4), (0, 5), (0, 6), (1, 2), (1, 6), (2, 6), (3, 4), (3, 5)]
5
[(0, 5), (0, 1), (1, 2), (2, 6), (0, 4), (3, 4)]
[(0, 6), (1, 6), (3, 5)]
[(0, 5), (0, 4), (0, 6), (3, 5), (2, 6), (3, 4)]
[1, 1, 0, 0, 1, 1]

295
[(0, 1), (0, 3), (0, 5), (0, 6), (1, 2), (1, 3), (2, 6), (3, 4), (3, 6), (4, 5)]
0
[(0, 1), (1, 2), (2, 6), (3, 6), (3, 4), (4, 5)]
[(0, 3), (0, 5), (0, 6), (1, 3)]
[(1, 2), (3, 4), (0, 5), (0, 3), (4, 5), (3, 6)]
[1, 1, 0, 0, 1, 1]

296
[(0, 1), (0, 3), (0, 4), (1, 3), (1, 4), (2, 4), (2, 5), (3, 6), (4, 6)]
3
[(0, 3), (0, 1), (1, 4), (2, 4), (2, 5), (4, 6)]
[(0, 4), (1, 3), (3, 6)]
[(1, 4), (4, 6), (2, 5), (2, 4), (0, 1), (1, 3)]
[1, 1, 1, 1, 1, 0]

297
[(0, 5), (0, 6), (1, 3), (1, 4), (1, 6), (2, 5), (2, 6), (3, 5), (4, 5), (4, 6)]
4
[(1, 4), (1, 3), (3, 5), (0, 5), (0, 6), (2, 6)]
[(1, 6), (2, 5), (4, 5), (4, 6)]
[(2, 6), (4, 5), (0, 6), (1, 3), (1, 4), (0, 5)]
[1, 0, 1, 1, 1, 1]

298
[(0, 3), (0, 5), (0, 6), (1, 2), (1, 3), (1, 5), (2, 3), (3, 5), (4, 5), (4, 6)]
6
[(0, 6), (0, 3), (1, 3), (1, 2), (1, 5), (4, 5)]
[(0, 5), (2, 3), (3, 5), (4, 6)]
[(1, 5), (3, 5), (4, 6), (2, 3), (0, 5), (1, 3)]
[1, 0, 0, 0, 0, 1]

299
[(0, 4), (0, 6), (1, 2), (1, 4), (1, 6), (2, 4), (2, 5), (3, 4), (4, 5), (4, 6)]
4
[(0, 4), (0, 6), (1, 6), (1, 2), (2, 5), (3, 4)]
[(1, 4), (2, 4), (4, 5), (4, 6)]
[(2, 5), (4, 6), (1, 4), (1, 2), (2, 4), (4, 5)]
[1, 0, 0, 1, 0, 0]

