0
0
[(3, 0), [1, 7], (4, 2), [2, 8], (9, 2), [3, 4], [3, 5], [3, 7], [4, 6], (7, 4), (7, 5), [5, 8], [5, 9], (8, 7)]
7
8
4 5 
7 

1
0
[(8, 0), (2, 1), [1, 4], [1, 6], [1, 7], (9, 1), [2, 4], [2, 5], (9, 2), (5, 3), (6, 3), (7, 3), (7, 4), (8, 4), [6, 8]]
1
6
4 6 7 
3 8 

2
0
[[0, 4], [0, 7], (9, 0), (6, 1), (8, 1), [2, 5], (6, 2), (7, 3), [3, 8], (9, 3), (6, 4), (7, 4), [5, 8], [6, 9]]
6
1
1 2 4 9 
None

3
1
[[0, 3], [0, 6], [0, 7], [1, 8], [2, 3], [2, 4], [2, 5], [4, 6], [4, 7], [5, 6], [6, 9], [8, 9]]
6
5
0 4 5 9 
2 6 

4
1
[[0, 2], [0, 7], [1, 9], [2, 3], [2, 4], [2, 6], [2, 7], [2, 9], [3, 4], [3, 7], [3, 8], [5, 9], [8, 9]]
2
7
0 3 4 6 7 9 
0 2 3 

5
0
[(8, 0), [1, 3], (5, 1), [1, 7], [1, 8], (8, 2), [3, 6], (7, 3), [4, 5], [4, 9], (9, 6), (9, 8)]
1
3
3 7 8 
6 

6
0
[[0, 1], [0, 2], (3, 0), [0, 6], [0, 7], (3, 1), (4, 1), [1, 5], (6, 1), [1, 7], (8, 1), (4, 3), (5, 3), (8, 3), [6, 9], [8, 9]]
1
6
5 7 
1 9 

7
1
[[0, 7], [1, 3], [1, 5], [1, 9], [2, 4], [2, 9], [3, 4], [3, 7], [3, 9], [4, 5], [5, 9], [6, 7], [7, 8]]
3
1
1 4 7 9 
3 5 9 

8
1
[[0, 1], [0, 9], [0, 6], [0, 7], [1, 7], [1, 6], [2, 4], [2, 7], [2, 8], [4, 5], [4, 8], [7, 5], [7, 8], [9, 8], [9, 3], [5, 3], [6, 3]]
7
2
0 1 2 5 8 
4 7 8 

9
0
[[0, 4], (6, 0), [0, 7], (6, 1), [2, 4], (7, 2), (8, 2), (9, 2), (6, 3), [3, 7], [5, 7], [6, 7], [8, 9]]
7
0
2 
4 7 

10
1
[[0, 2], [0, 3], [0, 8], [1, 3], [1, 4], [1, 6], [1, 9], [2, 5], [2, 9], [4, 6], [4, 7], [5, 6]]
1
3
3 4 6 9 
0 1 

11
1
[[2, 4], [2, 3], [2, 6], [2, 5], [4, 1], [4, 5], [4, 0], [6, 8], [6, 7], [8, 9], [8, 0], [0, 3], [0, 9], [0, 5], [3, 1], [9, 5], [5, 7], [7, 1]]
0
4
3 4 5 8 9 
0 1 2 5 

12
1
[[0, 4], [0, 6], [0, 7], [1, 3], [1, 5], [1, 6], [1, 8], [1, 9], [2, 4], [2, 5], [2, 8], [2, 9], [5, 6], [6, 8], [7, 9]]
1
5
3 5 6 8 9 
1 2 6 

13
0
[[0, 1], (7, 0), [0, 9], (3, 0), (3, 1), [1, 9], [7, 5], [7, 4], (4, 2), (3, 2), (8, 2), (6, 4), (8, 5), (6, 5), [8, 6], (3, 8), [9, 3]]
3
2
0 1 2 8 
None

14
1
[[0, 2], [0, 5], [0, 9], [1, 8], [2, 3], [2, 4], [2, 8], [3, 5], [3, 6], [4, 5], [4, 8], [5, 7], [5, 9], [7, 9]]
5
7
0 3 4 7 9 
5 9 

15
1
[[0, 2], [1, 3], [1, 4], [1, 5], [1, 7], [1, 8], [1, 9], [2, 5], [3, 4], [3, 5], [4, 5], [5, 6], [5, 9]]
1
3
3 4 5 7 8 9 
1 4 5 

16
0
[[0, 5], (8, 0), (9, 0), [1, 5], (8, 1), [2, 3], (4, 2), [3, 9], [4, 5], (6, 4), [5, 8], (9, 5), [6, 8], (8, 7)]
5
0
8 
5 

17
1
[[0, 2], [0, 4], [1, 4], [1, 5], [1, 6], [1, 8], [2, 6], [2, 7], [2, 8], [3, 7], [3, 8], [4, 6], [5, 8], [5, 9], [6, 8]]
8
5
1 2 3 5 6 
1 8 9 

18
0
[(6, 0), [0, 7], (9, 0), (3, 1), [1, 7], [2, 3], [2, 4], (7, 2), (4, 3), (7, 4), (9, 4), (7, 5), [6, 7], (8, 6), (9, 7)]
7
0
2 4 5 
7 

19
1
[[0, 1], [0, 2], [0, 3], [0, 7], [0, 9], [1, 9], [2, 5], [2, 6], [2, 8], [3, 8], [3, 9], [4, 7], [6, 7]]
0
3
1 2 3 7 9 
0 8 9 

20
0
[(7, 0), (4, 0), (2, 0), [7, 2], [7, 6], [2, 4], [2, 8], [2, 1], [4, 8], [1, 8], (6, 1), (3, 1), (9, 1), (9, 8), (5, 6), (3, 9), [9, 5], (5, 3)]
2
8
0 1 4 8 
None

21
0
[[2, 4], [2, 1], (8, 2), (0, 4), [4, 5], (3, 1), [1, 9], [0, 3], [0, 6], (6, 3), (9, 3), (7, 3), [5, 7], (6, 5), (9, 5), (9, 7), [7, 8], (8, 9)]
3
7
1 
3 8 

22
1
[[0, 3], [0, 5], [0, 6], [0, 7], [1, 8], [2, 5], [2, 8], [2, 9], [3, 6], [4, 8], [6, 8], [6, 9], [7, 8]]
8
2
1 2 4 6 7 
5 8 9 

23
0
[[0, 1], [0, 2], [0, 3], (9, 0), [1, 3], [1, 4], (5, 2), (6, 2), (4, 3), [3, 5], [3, 9], (6, 4), [4, 7], (8, 4), [5, 8], (7, 6)]
3
0
5 9 
1 2 3 

24
0
[[0, 1], (2, 0), (5, 0), [1, 3], [1, 4], [1, 5], (7, 1), (4, 2), [2, 9], [3, 5], [3, 6], [3, 8], (9, 3), [6, 7]]
1
0
3 4 5 
1 

25
0
[(1, 0), [0, 8], (2, 1), (5, 1), [1, 7], [2, 3], (4, 2), (5, 3), (6, 5), (8, 5), (8, 6), (9, 8)]
1
2
0 7 
1 3 

26
0
[[1, 2], (5, 1), [1, 4], (0, 2), [2, 8], [5, 0], (9, 5), (7, 3), [3, 0], (6, 3), [3, 9], [7, 9], [7, 8], [4, 6], (8, 4), [6, 9]]
3
7
0 9 
3 8 9 

27
0
[[0, 1], (3, 0), [0, 4], [0, 6], (9, 1), [2, 4], [2, 5], (6, 2), (9, 4), [5, 7], [5, 8], [7, 9]]
0
1
1 4 6 
None

28
1
[[0, 1], [0, 9], [1, 3], [1, 4], [1, 6], [2, 6], [2, 8], [2, 9], [3, 5], [3, 6], [4, 5], [4, 7], [4, 8], [5, 8], [8, 9]]
1
3
0 3 4 6 
1 5 6 

29
0
[(3, 0), (9, 0), (4, 1), [1, 6], [2, 3], [2, 4], (5, 2), [2, 7], (8, 2), (7, 3), [5, 7], (9, 6)]
2
4
3 4 7 
1 

30
1
[[0, 1], [0, 4], [0, 5], [1, 6], [1, 7], [1, 8], [2, 4], [2, 5], [3, 6], [3, 8], [4, 5], [4, 9]]
1
6
0 6 7 8 
1 3 

31
1
[[0, 5], [1, 2], [1, 5], [2, 9], [3, 4], [3, 8], [3, 9], [4, 7], [4, 9], [5, 9], [6, 7], [6, 9], [8, 9]]
9
2
2 3 4 5 6 8 
1 9 

32
1
[[0, 1], [0, 2], [0, 3], [0, 4], [0, 5], [0, 9], [1, 5], [1, 8], [2, 3], [3, 4], [3, 8], [4, 6], [4, 7], [5, 6], [5, 7], [5, 9]]
0
3
1 2 3 4 5 9 
0 2 4 8 

33
1
[[0, 1], [0, 2], [0, 3], [0, 4], [0, 8], [0, 9], [1, 7], [2, 3], [2, 4], [2, 5], [2, 6], [2, 7], [3, 5], [4, 6], [4, 8], [4, 9]]
0
4
1 2 3 4 8 9 
0 2 6 8 9 

34
1
[[0, 1], [0, 4], [0, 5], [1, 6], [1, 7], [1, 8], [2, 4], [2, 5], [3, 6], [3, 8], [4, 5], [4, 9]]
1
6
0 6 7 8 
1 3 

35
1
[[0, 2], [0, 7], [1, 9], [2, 3], [2, 4], [2, 6], [2, 7], [2, 9], [3, 4], [3, 7], [3, 8], [5, 9], [8, 9]]
2
7
0 3 4 6 7 9 
0 2 3 

36
1
[[0, 1], [0, 8], [1, 2], [1, 5], [1, 7], [2, 3], [2, 4], [3, 5], [5, 6], [5, 8], [6, 8], [8, 9]]
1
2
0 2 5 7 
1 3 4 

37
0
[(1, 0), [0, 2], [0, 3], [0, 7], (9, 0), (9, 1), [2, 5], [2, 6], [2, 8], [3, 8], (9, 3), (7, 4), (7, 6)]
0
3
2 3 7 
8 

38
1
[[0, 1], [0, 2], [0, 3], [0, 9], [1, 3], [1, 4], [2, 5], [2, 6], [3, 4], [3, 5], [3, 9], [4, 6], [4, 7], [4, 8], [5, 8], [6, 7]]
3
0
0 1 4 5 9 
1 2 3 9 

39
1
[[0, 1], [0, 2], [0, 5], [1, 3], [1, 4], [1, 5], [1, 7], [2, 4], [2, 9], [3, 5], [3, 6], [3, 8], [3, 9], [6, 7]]
1
0
0 3 4 5 7 
1 2 5 

40
1
[[0, 8], [1, 2], [1, 4], [1, 6], [1, 7], [1, 9], [2, 4], [2, 5], [2, 9], [3, 5], [3, 6], [3, 7], [4, 7], [4, 8], [6, 8]]
1
6
2 4 6 7 9 
1 3 8 

41
1
[[0, 1], [0, 3], [0, 4], [0, 6], [1, 9], [2, 4], [2, 5], [2, 6], [4, 9], [5, 7], [5, 8], [7, 9]]
0
1
1 3 4 6 
0 9 

42
1
[[0, 1], [0, 9], [0, 6], [0, 7], [1, 7], [1, 6], [2, 4], [2, 7], [2, 8], [4, 5], [4, 8], [7, 5], [7, 8], [9, 8], [9, 3], [5, 3], [6, 3]]
7
2
0 1 2 5 8 
4 7 8 

43
1
[[0, 3], [0, 9], [1, 4], [1, 6], [2, 3], [2, 4], [2, 5], [2, 7], [2, 8], [3, 7], [5, 7], [6, 9]]
2
4
3 4 5 7 8 
1 2 

44
1
[[0, 8], [1, 3], [1, 5], [1, 7], [1, 8], [2, 8], [3, 6], [3, 7], [4, 5], [4, 9], [6, 9], [8, 9]]
1
3
3 5 7 8 
1 6 7 

45
1
[[0, 6], [0, 7], [0, 9], [1, 3], [1, 7], [2, 3], [2, 4], [2, 7], [3, 4], [4, 7], [4, 9], [5, 7], [6, 7], [6, 8], [7, 9]]
7
0
0 1 2 4 5 6 9 
6 7 9 

46
0
[(7, 0), (3, 1), [1, 5], (9, 1), [2, 4], (9, 2), (4, 3), [3, 7], [3, 9], [4, 5], [5, 9], [6, 7], [7, 8]]
3
1
1 7 9 
5 

47
1
[[0, 1], [0, 2], [0, 3], [0, 6], [0, 7], [1, 3], [1, 4], [1, 5], [1, 6], [1, 7], [1, 8], [3, 4], [3, 5], [3, 8], [6, 9], [8, 9]]
1
6
0 3 4 5 6 7 8 
0 1 9 

48
1
[[0, 5], [0, 8], [0, 9], [1, 5], [1, 8], [2, 3], [2, 4], [3, 9], [4, 5], [4, 6], [5, 8], [5, 9], [6, 8], [7, 8]]
5
0
0 1 4 8 9 
5 8 9 

49
0
[(2, 1), (5, 1), (4, 1), (0, 2), (8, 2), [5, 0], [5, 9], [3, 7], [3, 0], [3, 6], [3, 9], [7, 9], (8, 7), (6, 4), (8, 4), (9, 6)]
3
7
0 6 7 9 
9 

50
1
[[0, 1], [0, 2], [0, 3], [0, 4], [0, 5], [0, 9], [1, 5], [1, 8], [2, 3], [3, 4], [3, 8], [4, 6], [4, 7], [5, 6], [5, 7], [5, 9]]
0
3
1 2 3 4 5 9 
0 2 4 8 

51
0
[(3, 0), (5, 0), [0, 6], [0, 7], [1, 8], (5, 2), [2, 8], (9, 2), (6, 3), [4, 8], [6, 8], (9, 6), (8, 7)]
8
2
7 
8 

52
0
[(2, 0), [1, 3], [1, 4], [1, 5], [1, 7], [1, 8], (9, 1), [2, 5], [3, 4], (5, 3), [4, 5], [5, 6], (9, 5)]
1
3
3 4 5 7 8 
4 

53
1
[[0, 2], [0, 3], [0, 8], [1, 3], [1, 4], [1, 6], [1, 9], [2, 5], [2, 9], [4, 6], [4, 7], [5, 6]]
1
3
3 4 6 9 
0 1 

54
1
[[0, 5], [1, 2], [1, 5], [2, 9], [3, 4], [3, 8], [3, 9], [4, 7], [4, 9], [5, 9], [6, 7], [6, 9], [8, 9]]
9
2
2 3 4 5 6 8 
1 9 

55
1
[[0, 7], [0, 4], [0, 2], [7, 2], [7, 6], [2, 4], [2, 8], [2, 1], [4, 8], [1, 8], [1, 6], [1, 3], [1, 9], [8, 9], [6, 5], [9, 3], [9, 5], [3, 5]]
2
8
0 1 4 7 8 
1 2 4 9 

56
0
[(4, 2), (1, 2), (8, 2), [4, 0], (5, 4), [1, 3], [1, 9], (3, 0), [0, 6], (6, 3), [3, 9], (7, 3), (7, 5), (6, 5), (9, 5), (9, 7), [7, 8], (8, 9)]
3
7
0 9 
3 5 8 

57
1
[[0, 3], [0, 6], [0, 7], [1, 8], [2, 3], [2, 4], [2, 5], [4, 6], [4, 7], [5, 6], [6, 9], [8, 9]]
6
5
0 4 5 9 
2 6 

58
0
[(4, 0), (6, 0), (7, 0), [1, 3], (5, 1), (6, 1), (8, 1), [1, 9], [2, 4], [2, 5], [2, 8], [2, 9], [5, 6], [6, 8], [7, 9]]
1
5
3 9 
1 6 

59
0
[(1, 0), (7, 0), [0, 9], (3, 0), (3, 1), (9, 1), [7, 5], [7, 4], (4, 2), (3, 2), [2, 8], [4, 6], [5, 8], (6, 5), [8, 6], [8, 3], [9, 3]]
3
2
0 1 2 
8 

60
1
[[0, 2], [0, 5], [0, 9], [1, 8], [2, 3], [2, 4], [2, 8], [3, 5], [3, 6], [4, 5], [4, 8], [5, 7], [5, 9], [7, 9]]
5
7
0 3 4 7 9 
5 9 

61
0
[[0, 2], (4, 0), [1, 4], [1, 5], [1, 6], (8, 1), [2, 6], [2, 7], [2, 8], (7, 3), (8, 3), [4, 6], (8, 5), (9, 5), (8, 6)]
8
5
1 3 5 6 
None

62
0
[[0, 4], (6, 0), [0, 7], (6, 1), (4, 2), [2, 7], [2, 8], (9, 2), (6, 3), [3, 7], (7, 5), (7, 6), [8, 9]]
7
0
5 6 
4 7 

63
1
[[2, 4], [2, 3], [2, 6], [2, 5], [4, 1], [4, 5], [4, 0], [6, 8], [6, 7], [8, 9], [8, 0], [0, 3], [0, 9], [0, 5], [3, 1], [9, 5], [5, 7], [7, 1]]
0
4
3 4 5 8 9 
0 1 2 5 

64
0
[(1, 0), (9, 0), [1, 3], [1, 4], [1, 6], (6, 2), [2, 8], (9, 2), (5, 3), (6, 3), (5, 4), [4, 7], [4, 8], (8, 5), (9, 8)]
1
3
0 3 4 6 
None

65
0
[(3, 0), (7, 1), (4, 2), [2, 8], (9, 2), [3, 4], [3, 5], [3, 7], (6, 4), [4, 7], [5, 7], (8, 5), (9, 5), (8, 7)]
7
8
1 
5 7 

66
0
[(1, 0), [0, 2], [0, 3], (4, 0), [0, 8], [0, 9], (7, 1), (3, 2), [2, 4], [2, 5], (6, 2), [2, 7], (5, 3), (6, 4), (8, 4), (9, 4)]
0
4
2 3 8 9 
0 

67
1
[[0, 4], [0, 7], [0, 9], [1, 6], [1, 8], [2, 5], [2, 6], [3, 7], [3, 8], [3, 9], [4, 6], [4, 7], [5, 8], [6, 9]]
6
1
1 2 4 9 
6 8 

68
1
[[0, 3], [1, 7], [2, 4], [2, 8], [2, 9], [3, 4], [3, 5], [3, 7], [4, 6], [4, 7], [5, 7], [5, 8], [5, 9], [7, 8]]
7
8
1 3 4 5 8 
2 5 7 

69
1
[[2, 4], [2, 1], [2, 8], [4, 0], [4, 5], [1, 3], [1, 9], [0, 3], [0, 6], [3, 6], [3, 9], [3, 7], [5, 7], [5, 6], [5, 9], [7, 9], [7, 8], [9, 8]]
3
7
0 1 6 7 9 
3 5 8 9 

70
1
[[0, 4], [0, 7], [0, 9], [1, 6], [1, 8], [2, 5], [2, 6], [3, 7], [3, 8], [3, 9], [4, 6], [4, 7], [5, 8], [6, 9]]
6
1
1 2 4 9 
6 8 

71
0
[(1, 0), (2, 0), [0, 3], [0, 7], [0, 9], [1, 9], [2, 5], [2, 6], (8, 2), (8, 3), (9, 3), [4, 7], (7, 6)]
0
3
3 7 9 
None

72
0
[(1, 0), (9, 0), [0, 6], (7, 0), [1, 7], (6, 1), (4, 2), (7, 2), (8, 2), [4, 5], (8, 4), (5, 7), [7, 8], (8, 9), [9, 3], (3, 5), [6, 3]]
7
2
0 2 8 
None

73
1
[[0, 1], [0, 2], [0, 5], [1, 3], [1, 4], [1, 5], [1, 7], [2, 4], [2, 9], [3, 5], [3, 6], [3, 8], [3, 9], [6, 7]]
1
0
0 3 4 5 7 
1 2 5 

74
1
[[0, 8], [1, 2], [1, 4], [1, 6], [1, 7], [1, 9], [2, 4], [2, 5], [2, 9], [3, 5], [3, 6], [3, 7], [4, 7], [4, 8], [6, 8]]
1
6
2 4 6 7 9 
1 3 8 

75
1
[[0, 5], [0, 8], [0, 9], [1, 5], [1, 8], [2, 3], [2, 4], [3, 9], [4, 5], [4, 6], [5, 8], [5, 9], [6, 8], [7, 8]]
5
0
0 1 4 8 9 
5 8 9 

76
1
[[0, 2], [0, 7], [1, 9], [2, 3], [2, 4], [2, 6], [2, 7], [2, 9], [3, 4], [3, 7], [3, 8], [5, 9], [8, 9]]
2
7
0 3 4 6 7 9 
0 2 3 

77
1
[[0, 1], [0, 2], [0, 3], [0, 9], [1, 3], [1, 4], [2, 5], [2, 6], [3, 4], [3, 5], [3, 9], [4, 6], [4, 7], [4, 8], [5, 8], [6, 7]]
3
0
0 1 4 5 9 
1 2 3 9 

78
1
[[0, 7], [0, 4], [0, 2], [7, 2], [7, 6], [2, 4], [2, 8], [2, 1], [4, 8], [1, 8], [1, 6], [1, 3], [1, 9], [8, 9], [6, 5], [9, 3], [9, 5], [3, 5]]
2
8
0 1 4 7 8 
1 2 4 9 

79
0
[(3, 0), [0, 9], [1, 4], [1, 6], (3, 2), (4, 2), (5, 2), (7, 2), [2, 8], [3, 7], (7, 5), (9, 6)]
2
4
8 
2 

80
1
[[0, 1], [0, 2], [0, 3], [0, 4], [0, 5], [0, 9], [1, 5], [1, 8], [2, 3], [3, 4], [3, 8], [4, 6], [4, 7], [5, 6], [5, 7], [5, 9]]
0
3
1 2 3 4 5 9 
0 2 4 8 

81
1
[[0, 2], [0, 3], [0, 8], [1, 3], [1, 4], [1, 6], [1, 9], [2, 5], [2, 9], [4, 6], [4, 7], [5, 6]]
1
3
3 4 6 9 
0 1 

82
0
[[0, 4], [0, 6], (7, 0), [1, 3], (5, 1), (6, 1), [1, 8], [1, 9], (4, 2), (5, 2), (8, 2), (9, 2), (6, 5), [6, 8], (9, 7)]
1
5
3 8 9 
1 2 

83
0
[[0, 3], (6, 0), (7, 0), (8, 1), (3, 2), [2, 4], (5, 2), [4, 6], [4, 7], (6, 5), (9, 6), [8, 9]]
6
5
0 5 
2 

84
0
[[0, 4], [0, 6], (7, 0), (6, 1), (4, 2), (7, 2), (8, 2), [2, 9], [3, 6], [3, 7], (7, 5), (7, 6), (9, 8)]
7
0
0 2 5 6 
4 6 

85
0
[(1, 0), [0, 2], (3, 0), (4, 0), [0, 8], (9, 0), (7, 1), (3, 2), (4, 2), [2, 5], [2, 6], (7, 2), (5, 3), [4, 6], (8, 4), [4, 9]]
0
4
2 8 
0 2 6 9 

86
0
[(5, 0), (2, 1), [1, 5], (9, 2), (4, 3), [3, 8], (9, 3), [4, 7], [4, 9], (9, 5), [6, 7], [6, 9], [8, 9]]
9
2
2 3 5 
1 

87
0
[(1, 0), (3, 0), (4, 0), (6, 0), (9, 1), [2, 4], [2, 5], [2, 6], [4, 9], (7, 5), (8, 5), [7, 9]]
0
1
None
0 

88
0
[[2, 4], (3, 2), [2, 6], [2, 5], (1, 4), (5, 4), (0, 4), [6, 8], (7, 6), (9, 8), (0, 8), [0, 3], (9, 0), [0, 5], [3, 1], (5, 9), (7, 5), (1, 7)]
0
4
3 4 5 8 
None

89
0
[(3, 0), [0, 5], (6, 0), [0, 7], (8, 1), (5, 2), [2, 8], (9, 2), [3, 6], [4, 8], [6, 8], [6, 9], [7, 8]]
8
2
1 
8 

90
0
[[0, 1], [0, 9], (3, 1), (4, 1), [1, 6], (6, 2), [2, 8], (9, 2), (5, 3), (6, 3), [4, 5], (7, 4), [4, 8], [5, 8], (9, 8)]
1
3
6 
1 

91
0
[(1, 0), (2, 0), [0, 3], [0, 6], (7, 0), (3, 1), (4, 1), [1, 5], (6, 1), [1, 7], (8, 1), (4, 3), [3, 5], (8, 3), (9, 6), (9, 8)]
1
6
0 5 7 
1 

92
1
[[0, 2], [1, 3], [1, 4], [1, 5], [1, 7], [1, 8], [1, 9], [2, 5], [3, 4], [3, 5], [4, 5], [5, 6], [5, 9]]
1
3
3 4 5 7 8 9 
1 4 5 

93
1
[[0, 1], [0, 7], [0, 9], [0, 3], [1, 3], [1, 9], [7, 5], [7, 4], [2, 4], [2, 3], [2, 8], [4, 6], [5, 8], [5, 6], [8, 6], [8, 3], [9, 3]]
3
2
0 1 2 8 9 
3 4 8 

94
1
[[0, 2], [0, 4], [1, 4], [1, 5], [1, 6], [1, 8], [2, 6], [2, 7], [2, 8], [3, 7], [3, 8], [4, 6], [5, 8], [5, 9], [6, 8]]
8
5
1 2 3 5 6 
1 8 9 

95
1
[[0, 7], [1, 3], [1, 5], [1, 9], [2, 4], [2, 9], [3, 4], [3, 7], [3, 9], [4, 5], [5, 9], [6, 7], [7, 8]]
3
1
1 4 7 9 
3 5 9 

96
0
[[0, 2], (5, 0), (9, 0), (8, 1), [2, 3], (4, 2), [2, 8], [3, 5], (6, 3), (5, 4), [4, 8], (7, 5), [5, 9], (9, 7)]
5
7
0 4 9 
5 

97
0
[(8, 0), [1, 3], (5, 1), (7, 1), (8, 1), [2, 8], [3, 6], (7, 3), [4, 5], (9, 4), (9, 6), [8, 9]]
1
3
3 
6 

98
0
[(6, 0), (7, 0), [0, 9], [1, 3], (7, 1), (3, 2), (4, 2), (7, 2), [3, 4], (7, 4), (9, 4), [5, 7], [6, 7], [6, 8], (9, 7)]
7
0
0 1 2 4 
9 

99
0
[[0, 1], [0, 8], (2, 1), [1, 5], [1, 7], [2, 3], (4, 2), (5, 3), [5, 6], [5, 8], [6, 8], (9, 8)]
1
2
5 7 
1 3 

100
0
[(1, 0), [0, 4], [0, 5], (6, 1), (7, 1), [1, 8], (4, 2), [2, 5], [3, 6], (8, 3), (5, 4), (9, 4)]
1
6
0 8 
1 

101
1
[[1, 2], [1, 5], [1, 4], [2, 0], [2, 8], [5, 0], [5, 9], [3, 7], [3, 0], [3, 6], [3, 9], [7, 9], [7, 8], [4, 6], [4, 8], [6, 9]]
3
7
0 6 7 9 
3 8 9 

102
0
[(1, 0), (2, 0), (3, 0), [0, 4], [0, 5], (9, 0), (5, 1), [1, 8], (3, 2), (4, 3), [3, 8], [4, 6], (7, 4), (6, 5), (7, 5), (9, 5)]
0
3
4 5 
0 2 8 

103
1
[[0, 7], [0, 4], [0, 2], [7, 2], [7, 6], [2, 4], [2, 8], [2, 1], [4, 8], [1, 8], [1, 6], [1, 3], [1, 9], [8, 9], [6, 5], [9, 3], [9, 5], [3, 5]]
2
8
0 1 4 7 8 
1 2 4 9 

104
1
[[2, 4], [2, 1], [2, 8], [4, 0], [4, 5], [1, 3], [1, 9], [0, 3], [0, 6], [3, 6], [3, 9], [3, 7], [5, 7], [5, 6], [5, 9], [7, 9], [7, 8], [9, 8]]
3
7
0 1 6 7 9 
3 5 8 9 

105
1
[[0, 6], [0, 7], [0, 9], [1, 3], [1, 7], [2, 3], [2, 4], [2, 7], [3, 4], [4, 7], [4, 9], [5, 7], [6, 7], [6, 8], [7, 9]]
7
0
0 1 2 4 5 6 9 
6 7 9 

106
1
[[0, 1], [0, 8], [1, 2], [1, 5], [1, 7], [2, 3], [2, 4], [3, 5], [5, 6], [5, 8], [6, 8], [8, 9]]
1
2
0 2 5 7 
1 3 4 

107
1
[[0, 2], [1, 3], [1, 4], [1, 5], [1, 7], [1, 8], [1, 9], [2, 5], [3, 4], [3, 5], [4, 5], [5, 6], [5, 9]]
1
3
3 4 5 7 8 9 
1 4 5 

108
1
[[0, 1], [0, 2], [0, 3], [0, 9], [1, 3], [1, 4], [2, 5], [2, 6], [3, 4], [3, 5], [3, 9], [4, 6], [4, 7], [4, 8], [5, 8], [6, 7]]
3
0
0 1 4 5 9 
1 2 3 9 

109
0
[[0, 3], (7, 1), (4, 2), [2, 8], (9, 2), [3, 4], [3, 5], (7, 3), (6, 4), (7, 4), (7, 5), (8, 5), [5, 9], (8, 7)]
7
8
1 3 4 5 
5 7 

110
1
[[1, 2], [1, 5], [1, 4], [2, 0], [2, 8], [5, 0], [5, 9], [3, 7], [3, 0], [3, 6], [3, 9], [7, 9], [7, 8], [4, 6], [4, 8], [6, 9]]
3
7
0 6 7 9 
3 8 9 

111
1
[[0, 2], [0, 4], [1, 4], [1, 5], [1, 6], [1, 8], [2, 6], [2, 7], [2, 8], [3, 7], [3, 8], [4, 6], [5, 8], [5, 9], [6, 8]]
8
5
1 2 3 5 6 
1 8 9 

112
1
[[0, 3], [0, 6], [0, 7], [1, 8], [2, 3], [2, 4], [2, 5], [4, 6], [4, 7], [5, 6], [6, 9], [8, 9]]
6
5
0 4 5 9 
2 6 

113
0
[[0, 4], (6, 0), (7, 0), (3, 1), [1, 5], (6, 1), [1, 8], (9, 1), (4, 2), (5, 2), [2, 8], [2, 9], [5, 6], [6, 8], (9, 7)]
1
5
5 8 
2 6 

114
0
[[0, 1], [0, 4], (5, 0), (6, 1), [1, 7], (8, 1), (4, 2), (5, 2), (6, 3), [3, 8], [4, 5], [4, 9]]
1
6
7 
1 3 

115
1
[[0, 1], [0, 9], [1, 3], [1, 4], [1, 6], [2, 6], [2, 8], [2, 9], [3, 5], [3, 6], [4, 5], [4, 7], [4, 8], [5, 8], [8, 9]]
1
3
0 3 4 6 
1 5 6 

116
0
[(2, 0), [0, 7], (9, 1), [2, 3], [2, 4], (6, 2), [2, 7], (9, 2), [3, 4], [3, 7], [3, 8], (9, 5), (9, 8)]
2
7
0 3 4 7 
None

117
0
[(5, 0), [0, 8], (9, 0), [1, 5], [1, 8], [2, 3], (4, 2), (9, 3), [4, 5], (6, 4), (8, 5), [5, 9], [6, 8], (8, 7)]
5
0
0 9 
8 

118
0
[[0, 4], (7, 0), [0, 9], [1, 6], [1, 8], (5, 2), [2, 6], [3, 7], (8, 3), (9, 3), [4, 6], (7, 4), (8, 5), (9, 6)]
6
1
None
6 8 

119
1
[[0, 1], [0, 9], [0, 6], [0, 7], [1, 7], [1, 6], [2, 4], [2, 7], [2, 8], [4, 5], [4, 8], [7, 5], [7, 8], [9, 8], [9, 3], [5, 3], [6, 3]]
7
2
0 1 2 5 8 
4 7 8 

120
0
[[0, 1], (2, 0), (3, 0), (7, 0), [0, 9], [1, 9], [2, 5], (6, 2), (8, 2), (8, 3), (9, 3), (7, 4), (7, 6)]
0
3
1 9 
0 

121
1
[[0, 4], [0, 6], [0, 7], [1, 6], [2, 4], [2, 7], [2, 8], [2, 9], [3, 6], [3, 7], [5, 7], [6, 7], [8, 9]]
7
0
0 2 3 5 6 
4 6 7 

122
1
[[0, 3], [0, 9], [1, 4], [1, 6], [2, 3], [2, 4], [2, 5], [2, 7], [2, 8], [3, 7], [5, 7], [6, 9]]
2
4
3 4 5 7 8 
1 2 

123
1
[[0, 5], [1, 2], [1, 5], [2, 9], [3, 4], [3, 8], [3, 9], [4, 7], [4, 9], [5, 9], [6, 7], [6, 9], [8, 9]]
9
2
2 3 4 5 6 8 
1 9 

124
1
[[0, 1], [0, 2], [0, 3], [0, 6], [0, 7], [1, 3], [1, 4], [1, 5], [1, 6], [1, 7], [1, 8], [3, 4], [3, 5], [3, 8], [6, 9], [8, 9]]
1
6
0 3 4 5 6 7 8 
0 1 9 

125
0
[(1, 0), (2, 0), (3, 0), (4, 0), [0, 8], (9, 0), [1, 7], [2, 3], (4, 2), (5, 2), (6, 2), [2, 7], [3, 5], (6, 4), [4, 8], (9, 4)]
0
4
8 
0 2 8 

126
1
[[0, 1], [0, 3], [0, 4], [0, 6], [1, 9], [2, 4], [2, 5], [2, 6], [4, 9], [5, 7], [5, 8], [7, 9]]
0
1
1 3 4 6 
0 9 

127
1
[[0, 8], [1, 3], [1, 5], [1, 7], [1, 8], [2, 8], [3, 6], [3, 7], [4, 5], [4, 9], [6, 9], [8, 9]]
1
3
3 5 7 8 
1 6 7 

128
1
[[0, 1], [0, 7], [0, 9], [0, 3], [1, 3], [1, 9], [7, 5], [7, 4], [2, 4], [2, 3], [2, 8], [4, 6], [5, 8], [5, 6], [8, 6], [8, 3], [9, 3]]
3
2
0 1 2 8 9 
3 4 8 

129
0
[[0, 8], [1, 2], (4, 1), (6, 1), (7, 1), (9, 1), [2, 4], [2, 5], (9, 2), (5, 3), [3, 6], (7, 3), (7, 4), (8, 4), [6, 8]]
1
6
2 
1 8 

130
0
[(1, 0), [0, 2], [0, 5], [1, 3], [1, 4], (5, 1), (7, 1), [2, 4], [2, 9], [3, 5], (6, 3), [3, 8], [3, 9], (7, 6)]
1
0
0 3 4 
2 5 

131
1
[[2, 4], [2, 3], [2, 6], [2, 5], [4, 1], [4, 5], [4, 0], [6, 8], [6, 7], [8, 9], [8, 0], [0, 3], [0, 9], [0, 5], [3, 1], [9, 5], [5, 7], [7, 1]]
0
4
3 4 5 8 9 
0 1 2 5 

132
1
[[0, 2], [0, 3], [0, 8], [1, 3], [1, 4], [1, 6], [1, 9], [2, 5], [2, 9], [4, 6], [4, 7], [5, 6]]
1
3
3 4 6 9 
0 1 

133
0
[[0, 7], [1, 3], (5, 1), (9, 1), (4, 2), (9, 2), (4, 3), [3, 7], (9, 3), (5, 4), (9, 5), (7, 6), [7, 8]]
3
1
7 
3 

134
1
[[0, 3], [0, 5], [0, 6], [0, 7], [1, 8], [2, 5], [2, 8], [2, 9], [3, 6], [4, 8], [6, 8], [6, 9], [7, 8]]
8
2
1 2 4 6 7 
5 8 9 

135
1
[[0, 2], [0, 5], [0, 9], [1, 8], [2, 3], [2, 4], [2, 8], [3, 5], [3, 6], [4, 5], [4, 8], [5, 7], [5, 9], [7, 9]]
5
7
0 3 4 7 9 
5 9 

136
0
[[0, 1], [0, 2], (3, 0), [0, 7], [0, 9], [1, 9], [2, 5], [2, 6], [2, 8], (8, 3), [3, 9], (7, 4), [6, 7]]
0
3
1 2 7 9 
0 9 

137
1
[[0, 1], [0, 2], [0, 5], [1, 3], [1, 4], [1, 5], [1, 7], [2, 4], [2, 9], [3, 5], [3, 6], [3, 8], [3, 9], [6, 7]]
1
0
0 3 4 5 7 
1 2 5 

138
1
[[0, 3], [0, 5], [0, 6], [0, 7], [1, 8], [2, 5], [2, 8], [2, 9], [3, 6], [4, 8], [6, 8], [6, 9], [7, 8]]
8
2
1 2 4 6 7 
5 8 9 

139
1
[[2, 4], [2, 1], [2, 8], [4, 0], [4, 5], [1, 3], [1, 9], [0, 3], [0, 6], [3, 6], [3, 9], [3, 7], [5, 7], [5, 6], [5, 9], [7, 9], [7, 8], [9, 8]]
3
7
0 1 6 7 9 
3 5 8 9 

140
0
[[0, 8], (3, 1), [1, 5], [1, 7], (8, 1), [2, 8], [3, 6], (7, 3), [4, 5], [4, 9], (9, 6), (9, 8)]
1
3
5 7 
1 6 

141
1
[[0, 2], [0, 5], [0, 9], [1, 8], [2, 3], [2, 4], [2, 8], [3, 5], [3, 6], [4, 5], [4, 8], [5, 7], [5, 9], [7, 9]]
5
7
0 3 4 7 9 
5 9 

142
1
[[0, 1], [0, 2], [0, 3], [0, 4], [0, 8], [0, 9], [1, 7], [2, 3], [2, 4], [2, 5], [2, 6], [2, 7], [3, 5], [4, 6], [4, 8], [4, 9]]
0
4
1 2 3 4 8 9 
0 2 6 8 9 

143
1
[[0, 7], [1, 3], [1, 5], [1, 9], [2, 4], [2, 9], [3, 4], [3, 7], [3, 9], [4, 5], [5, 9], [6, 7], [7, 8]]
3
1
1 4 7 9 
3 5 9 

144
0
[[0, 3], [0, 9], [1, 4], (6, 1), (3, 2), [2, 4], (5, 2), (7, 2), (8, 2), [3, 7], (7, 5), (9, 6)]
2
4
4 
None

145
1
[[0, 3], [1, 7], [2, 4], [2, 8], [2, 9], [3, 4], [3, 5], [3, 7], [4, 6], [4, 7], [5, 7], [5, 8], [5, 9], [7, 8]]
7
8
1 3 4 5 8 
2 5 7 

146
1
[[0, 8], [1, 2], [1, 4], [1, 6], [1, 7], [1, 9], [2, 4], [2, 5], [2, 9], [3, 5], [3, 6], [3, 7], [4, 7], [4, 8], [6, 8]]
1
6
2 4 6 7 9 
1 3 8 

147
1
[[0, 4], [0, 6], [0, 7], [1, 3], [1, 5], [1, 6], [1, 8], [1, 9], [2, 4], [2, 5], [2, 8], [2, 9], [5, 6], [6, 8], [7, 9]]
1
5
3 5 6 8 9 
1 2 6 

148
1
[[0, 2], [0, 3], [0, 8], [1, 3], [1, 4], [1, 6], [1, 9], [2, 5], [2, 9], [4, 6], [4, 7], [5, 6]]
1
3
3 4 6 9 
0 1 

149
0
[(1, 0), (3, 0), [0, 4], (6, 0), (9, 1), [2, 4], [2, 5], (6, 2), (9, 4), [5, 7], (8, 5), [7, 9]]
0
1
4 
0 

150
1
[[0, 1], [0, 8], [1, 2], [1, 5], [1, 7], [2, 3], [2, 4], [3, 5], [5, 6], [5, 8], [6, 8], [8, 9]]
1
2
0 2 5 7 
1 3 4 

151
1
[[0, 1], [0, 4], [0, 5], [1, 6], [1, 7], [1, 8], [2, 4], [2, 5], [3, 6], [3, 8], [4, 5], [4, 9]]
1
6
0 6 7 8 
1 3 

152
1
[[0, 6], [0, 7], [0, 9], [1, 3], [1, 7], [2, 3], [2, 4], [2, 7], [3, 4], [4, 7], [4, 9], [5, 7], [6, 7], [6, 8], [7, 9]]
7
0
0 1 2 4 5 6 9 
6 7 9 

153
0
[[0, 1], [0, 2], (3, 0), [0, 4], [0, 5], (9, 0), (5, 1), (8, 1), [2, 3], (4, 3), [3, 8], [4, 6], [4, 7], (6, 5), [5, 7], [5, 9]]
0
3
1 2 4 5 
0 8 

154
0
[(7, 0), (4, 0), [0, 2], [7, 2], (6, 7), (4, 2), (8, 2), (1, 2), [4, 8], [1, 8], [1, 6], (3, 1), (9, 1), [8, 9], [6, 5], (3, 9), (5, 9), [3, 5]]
2
8
None
2 9 

155
1
[[0, 1], [0, 2], [0, 3], [0, 9], [1, 3], [1, 4], [2, 5], [2, 6], [3, 4], [3, 5], [3, 9], [4, 6], [4, 7], [4, 8], [5, 8], [6, 7]]
3
0
0 1 4 5 9 
1 2 3 9 

156
1
[[0, 1], [0, 9], [0, 6], [0, 7], [1, 7], [1, 6], [2, 4], [2, 7], [2, 8], [4, 5], [4, 8], [7, 5], [7, 8], [9, 8], [9, 3], [5, 3], [6, 3]]
7
2
0 1 2 5 8 
4 7 8 

157
0
[(3, 0), [0, 6], (7, 0), [1, 8], [2, 3], [2, 4], [2, 5], [4, 6], (7, 4), (6, 5), [6, 9], (9, 8)]
6
5
5 9 
None

158
1
[[0, 1], [0, 9], [1, 3], [1, 4], [1, 6], [2, 6], [2, 8], [2, 9], [3, 5], [3, 6], [4, 5], [4, 7], [4, 8], [5, 8], [8, 9]]
1
3
0 3 4 6 
1 5 6 

159
1
[[0, 5], [0, 8], [0, 9], [1, 5], [1, 8], [2, 3], [2, 4], [3, 9], [4, 5], [4, 6], [5, 8], [5, 9], [6, 8], [7, 8]]
5
0
0 1 4 8 9 
5 8 9 

160
1
[[0, 5], [1, 2], [1, 5], [2, 9], [3, 4], [3, 8], [3, 9], [4, 7], [4, 9], [5, 9], [6, 7], [6, 9], [8, 9]]
9
2
2 3 4 5 6 8 
1 9 

161
1
[[0, 2], [0, 7], [1, 9], [2, 3], [2, 4], [2, 6], [2, 7], [2, 9], [3, 4], [3, 7], [3, 8], [5, 9], [8, 9]]
2
7
0 3 4 6 7 9 
0 2 3 

162
0
[(4, 0), (7, 0), [0, 9], (6, 1), (8, 1), (5, 2), [2, 6], (7, 3), [3, 8], (9, 3), [4, 6], (7, 4), [5, 8], [6, 9]]
6
1
1 9 
None

163
1
[[0, 4], [0, 6], [0, 7], [1, 6], [2, 4], [2, 7], [2, 8], [2, 9], [3, 6], [3, 7], [5, 7], [6, 7], [8, 9]]
7
0
0 2 3 5 6 
4 6 7 

164
1
[[0, 1], [0, 7], [0, 9], [0, 3], [1, 3], [1, 9], [7, 5], [7, 4], [2, 4], [2, 3], [2, 8], [4, 6], [5, 8], [5, 6], [8, 6], [8, 3], [9, 3]]
3
2
0 1 2 8 9 
3 4 8 

165
1
[[1, 2], [1, 5], [1, 4], [2, 0], [2, 8], [5, 0], [5, 9], [3, 7], [3, 0], [3, 6], [3, 9], [7, 9], [7, 8], [4, 6], [4, 8], [6, 9]]
3
7
0 6 7 9 
3 8 9 

166
1
[[0, 2], [1, 3], [1, 4], [1, 5], [1, 7], [1, 8], [1, 9], [2, 5], [3, 4], [3, 5], [4, 5], [5, 6], [5, 9]]
1
3
3 4 5 7 8 9 
1 4 5 

167
1
[[2, 4], [2, 3], [2, 6], [2, 5], [4, 1], [4, 5], [4, 0], [6, 8], [6, 7], [8, 9], [8, 0], [0, 3], [0, 9], [0, 5], [3, 1], [9, 5], [5, 7], [7, 1]]
0
4
3 4 5 8 9 
0 1 2 5 

168
1
[[0, 2], [0, 4], [1, 4], [1, 5], [1, 6], [1, 8], [2, 6], [2, 7], [2, 8], [3, 7], [3, 8], [4, 6], [5, 8], [5, 9], [6, 8]]
8
5
1 2 3 5 6 
1 8 9 

169
1
[[0, 1], [0, 2], [0, 3], [0, 6], [0, 7], [1, 3], [1, 4], [1, 5], [1, 6], [1, 7], [1, 8], [3, 4], [3, 5], [3, 8], [6, 9], [8, 9]]
1
6
0 3 4 5 6 7 8 
0 1 9 

170
0
[(1, 0), [0, 2], (3, 0), (4, 0), (5, 0), (9, 0), (5, 1), [1, 8], [2, 3], (4, 3), (8, 3), (6, 4), (7, 4), [5, 6], [5, 7], (9, 5)]
0
3
2 
0 

171
1
[[0, 1], [0, 2], [0, 3], [0, 4], [0, 8], [0, 9], [1, 7], [2, 3], [2, 4], [2, 5], [2, 6], [2, 7], [3, 5], [4, 6], [4, 8], [4, 9]]
0
4
1 2 3 4 8 9 
0 2 6 8 9 

172
0
[(1, 0), (9, 0), [1, 3], (4, 1), [1, 6], (6, 2), [2, 8], [2, 9], (5, 3), (6, 3), (5, 4), (7, 4), (8, 4), [5, 8], (9, 8)]
1
3
0 3 6 
None

173
0
[[0, 3], (5, 0), (6, 0), (7, 0), [1, 8], [2, 5], (8, 2), (9, 2), [3, 6], [4, 8], [6, 8], [6, 9], (8, 7)]
8
2
2 7 
5 

174
0
[[0, 5], (8, 0), [0, 9], [1, 5], [1, 8], [2, 3], [2, 4], [3, 9], (5, 4), [4, 6], (8, 5), [5, 9], [6, 8], (8, 7)]
5
0
4 9 
5 9 

175
0
[[0, 1], (8, 0), [1, 2], (5, 1), (7, 1), [2, 3], (4, 2), (5, 3), (6, 5), [5, 8], (8, 6), [8, 9]]
1
2
2 
3 

176
1
[[0, 1], [0, 2], [0, 5], [1, 3], [1, 4], [1, 5], [1, 7], [2, 4], [2, 9], [3, 5], [3, 6], [3, 8], [3, 9], [6, 7]]
1
0
0 3 4 5 7 
1 2 5 

177
1
[[0, 7], [1, 3], [1, 5], [1, 9], [2, 4], [2, 9], [3, 4], [3, 7], [3, 9], [4, 5], [5, 9], [6, 7], [7, 8]]
3
1
1 4 7 9 
3 5 9 

178
1
[[0, 1], [0, 2], [0, 3], [0, 7], [0, 9], [1, 9], [2, 5], [2, 6], [2, 8], [3, 8], [3, 9], [4, 7], [6, 7]]
0
3
1 2 3 7 9 
0 8 9 

179
1
[[0, 1], [0, 2], [0, 3], [0, 9], [1, 3], [1, 4], [2, 5], [2, 6], [3, 4], [3, 5], [3, 9], [4, 6], [4, 7], [4, 8], [5, 8], [6, 7]]
3
0
0 1 4 5 9 
1 2 3 9 

180
1
[[0, 2], [0, 4], [1, 4], [1, 5], [1, 6], [1, 8], [2, 6], [2, 7], [2, 8], [3, 7], [3, 8], [4, 6], [5, 8], [5, 9], [6, 8]]
8
5
1 2 3 5 6 
1 8 9 

181
1
[[0, 1], [0, 9], [0, 6], [0, 7], [1, 7], [1, 6], [2, 4], [2, 7], [2, 8], [4, 5], [4, 8], [7, 5], [7, 8], [9, 8], [9, 3], [5, 3], [6, 3]]
7
2
0 1 2 5 8 
4 7 8 

182
1
[[2, 4], [2, 3], [2, 6], [2, 5], [4, 1], [4, 5], [4, 0], [6, 8], [6, 7], [8, 9], [8, 0], [0, 3], [0, 9], [0, 5], [3, 1], [9, 5], [5, 7], [7, 1]]
0
4
3 4 5 8 9 
0 1 2 5 

183
0
[(1, 0), [0, 2], [0, 3], (6, 0), (7, 0), [1, 3], [1, 4], (5, 1), [1, 6], (7, 1), (8, 1), (4, 3), (5, 3), (8, 3), [6, 9], [8, 9]]
1
6
0 3 4 6 
0 9 

184
1
[[0, 3], [0, 6], [0, 7], [1, 8], [2, 3], [2, 4], [2, 5], [4, 6], [4, 7], [5, 6], [6, 9], [8, 9]]
6
5
0 4 5 9 
2 6 

185
0
[[0, 8], (2, 1), [1, 4], [1, 6], [1, 7], (9, 1), (4, 2), (5, 2), [2, 9], [3, 5], (6, 3), (7, 3), [4, 7], (8, 4), (8, 6)]
1
6
4 6 7 
3 

186
0
[(3, 0), (7, 1), [2, 4], [2, 8], (9, 2), (4, 3), [3, 5], (7, 3), [4, 6], [4, 7], (7, 5), [5, 8], (9, 5), (8, 7)]
7
8
1 3 5 
7 

187
1
[[0, 2], [0, 3], [0, 8], [1, 3], [1, 4], [1, 6], [1, 9], [2, 5], [2, 9], [4, 6], [4, 7], [5, 6]]
1
3
3 4 6 9 
0 1 

188
1
[[0, 3], [0, 9], [1, 4], [1, 6], [2, 3], [2, 4], [2, 5], [2, 7], [2, 8], [3, 7], [5, 7], [6, 9]]
2
4
3 4 5 7 8 
1 2 

189
0
[(4, 2), (1, 2), (8, 2), [4, 0], (5, 4), (3, 1), (9, 1), [0, 3], (6, 0), (6, 3), [3, 9], [3, 7], [5, 7], (6, 5), [5, 9], [7, 9], (8, 7), (8, 9)]
3
7
1 7 9 
9 

190
0
[(7, 0), [0, 4], [0, 2], [7, 2], (6, 7), [2, 4], [2, 8], [2, 1], (8, 4), (8, 1), [1, 6], [1, 3], (9, 1), (9, 8), (5, 6), (3, 9), (5, 9), (5, 3)]
2
8
1 4 8 
1 4 

191
0
[(2, 1), [1, 5], (4, 1), [2, 0], [2, 8], [5, 0], [5, 9], [3, 7], (0, 3), [3, 6], (9, 3), (9, 7), [7, 8], (6, 4), [4, 8], [6, 9]]
3
7
6 7 
8 

192
1
[[0, 4], [0, 6], [0, 7], [1, 3], [1, 5], [1, 6], [1, 8], [1, 9], [2, 4], [2, 5], [2, 8], [2, 9], [5, 6], [6, 8], [7, 9]]
1
5
3 5 6 8 9 
1 2 6 

193
1
[[0, 1], [0, 4], [0, 5], [1, 6], [1, 7], [1, 8], [2, 4], [2, 5], [3, 6], [3, 8], [4, 5], [4, 9]]
1
6
0 6 7 8 
1 3 

194
1
[[0, 5], [1, 2], [1, 5], [2, 9], [3, 4], [3, 8], [3, 9], [4, 7], [4, 9], [5, 9], [6, 7], [6, 9], [8, 9]]
9
2
2 3 4 5 6 8 
1 9 

195
1
[[0, 1], [0, 7], [0, 9], [0, 3], [1, 3], [1, 9], [7, 5], [7, 4], [2, 4], [2, 3], [2, 8], [4, 6], [5, 8], [5, 6], [8, 6], [8, 3], [9, 3]]
3
2
0 1 2 8 9 
3 4 8 

196
0
[(2, 0), [0, 5], (9, 0), [1, 8], (3, 2), (4, 2), (8, 2), (5, 3), [3, 6], (5, 4), (8, 4), [5, 7], (9, 5), [7, 9]]
5
7
3 4 7 
9 

197
1
[[0, 1], [0, 3], [0, 4], [0, 6], [1, 9], [2, 4], [2, 5], [2, 6], [4, 9], [5, 7], [5, 8], [7, 9]]
0
1
1 3 4 6 
0 9 

198
0
[(4, 0), (7, 0), (9, 0), (6, 1), (8, 1), [2, 5], (6, 2), [3, 7], [3, 8], (9, 3), [4, 6], [4, 7], (8, 5), (9, 6)]
6
1
1 2 
None

199
1
[[0, 6], [0, 7], [0, 9], [1, 3], [1, 7], [2, 3], [2, 4], [2, 7], [3, 4], [4, 7], [4, 9], [5, 7], [6, 7], [6, 8], [7, 9]]
7
0
0 1 2 4 5 6 9 
6 7 9 

200
1
[[0, 2], [1, 3], [1, 4], [1, 5], [1, 7], [1, 8], [1, 9], [2, 5], [3, 4], [3, 5], [4, 5], [5, 6], [5, 9]]
1
3
3 4 5 7 8 9 
1 4 5 

201
1
[[0, 4], [0, 6], [0, 7], [1, 6], [2, 4], [2, 7], [2, 8], [2, 9], [3, 6], [3, 7], [5, 7], [6, 7], [8, 9]]
7
0
0 2 3 5 6 
4 6 7 

202
1
[[0, 8], [1, 3], [1, 5], [1, 7], [1, 8], [2, 8], [3, 6], [3, 7], [4, 5], [4, 9], [6, 9], [8, 9]]
1
3
3 5 7 8 
1 6 7 

203
1
[[0, 2], [0, 7], [1, 9], [2, 3], [2, 4], [2, 6], [2, 7], [2, 9], [3, 4], [3, 7], [3, 8], [5, 9], [8, 9]]
2
7
0 3 4 6 7 9 
0 2 3 

204
0
[(4, 2), [2, 1], (8, 2), [4, 0], [4, 5], (3, 1), [1, 9], (3, 0), [0, 6], (6, 3), [3, 9], [3, 7], (7, 5), (6, 5), (9, 5), (9, 7), (8, 7), (8, 9)]
3
7
0 1 7 9 
5 

205
0
[(3, 0), (7, 1), [2, 4], (8, 2), [2, 9], [3, 4], [3, 5], [3, 7], (6, 4), [4, 7], (7, 5), [5, 8], [5, 9], (8, 7)]
7
8
1 5 
2 7 

206
1
[[0, 2], [0, 7], [1, 9], [2, 3], [2, 4], [2, 6], [2, 7], [2, 9], [3, 4], [3, 7], [3, 8], [5, 9], [8, 9]]
2
7
0 3 4 6 7 9 
0 2 3 

207
0
[(2, 1), (5, 1), [1, 4], [2, 0], (8, 2), [5, 0], [5, 9], (7, 3), [3, 0], [3, 6], (9, 3), [7, 9], (8, 7), (6, 4), [4, 8], [6, 9]]
3
7
0 6 
3 9 

208
0
[(1, 0), [0, 2], (3, 0), [0, 6], (7, 0), (3, 1), (4, 1), [1, 5], [1, 6], (7, 1), [1, 8], [3, 4], [3, 5], (8, 3), [6, 9], (9, 8)]
1
6
0 5 6 8 
9 

209
1
[[0, 3], [0, 5], [0, 6], [0, 7], [1, 8], [2, 5], [2, 8], [2, 9], [3, 6], [4, 8], [6, 8], [6, 9], [7, 8]]
8
2
1 2 4 6 7 
5 8 9 

210
0
[(1, 0), (7, 0), (9, 0), (3, 0), (3, 1), (9, 1), [7, 5], [7, 4], (4, 2), (3, 2), (8, 2), (6, 4), (8, 5), [5, 6], (6, 8), (3, 8), [9, 3]]
3
2
0 1 2 8 
None

211
0
[(7, 0), [0, 4], [0, 2], (2, 7), [7, 6], [2, 4], (8, 2), (1, 2), [4, 8], [1, 8], [1, 6], [1, 3], [1, 9], (9, 8), (5, 6), [9, 3], [9, 5], (5, 3)]
2
8
4 7 
2 

212
1
[[0, 1], [0, 2], [0, 3], [0, 4], [0, 5], [0, 9], [1, 5], [1, 8], [2, 3], [3, 4], [3, 8], [4, 6], [4, 7], [5, 6], [5, 7], [5, 9]]
0
3
1 2 3 4 5 9 
0 2 4 8 

213
0
[[0, 1], (8, 0), (2, 1), [1, 5], [1, 7], (3, 2), [2, 4], [3, 5], [5, 6], [5, 8], [6, 8], (9, 8)]
1
2
5 7 
1 4 

214
1
[[0, 5], [0, 8], [0, 9], [1, 5], [1, 8], [2, 3], [2, 4], [3, 9], [4, 5], [4, 6], [5, 8], [5, 9], [6, 8], [7, 8]]
5
0
0 1 4 8 9 
5 8 9 

215
0
[(1, 0), [0, 9], (6, 0), [0, 7], (7, 1), (6, 1), (4, 2), [2, 7], (8, 2), [4, 5], (8, 4), [7, 5], [7, 8], (8, 9), [9, 3], [5, 3], [6, 3]]
7
2
1 5 8 
7 

216
1
[[0, 1], [0, 9], [1, 3], [1, 4], [1, 6], [2, 6], [2, 8], [2, 9], [3, 5], [3, 6], [4, 5], [4, 7], [4, 8], [5, 8], [8, 9]]
1
3
0 3 4 6 
1 5 6 

217
1
[[2, 4], [2, 3], [2, 6], [2, 5], [4, 1], [4, 5], [4, 0], [6, 8], [6, 7], [8, 9], [8, 0], [0, 3], [0, 9], [0, 5], [3, 1], [9, 5], [5, 7], [7, 1]]
0
4
3 4 5 8 9 
0 1 2 5 

218
1
[[0, 1], [0, 4], [0, 5], [1, 6], [1, 7], [1, 8], [2, 4], [2, 5], [3, 6], [3, 8], [4, 5], [4, 9]]
1
6
0 6 7 8 
1 3 

219
1
[[0, 1], [0, 2], [0, 3], [0, 9], [1, 3], [1, 4], [2, 5], [2, 6], [3, 4], [3, 5], [3, 9], [4, 6], [4, 7], [4, 8], [5, 8], [6, 7]]
3
0
0 1 4 5 9 
1 2 3 9 

220
0
[[0, 2], [0, 3], (8, 0), [1, 3], [1, 4], (6, 1), (9, 1), (5, 2), [2, 9], (6, 4), (7, 4), [5, 6]]
1
3
3 4 
None

221
1
[[0, 8], [1, 3], [1, 5], [1, 7], [1, 8], [2, 8], [3, 6], [3, 7], [4, 5], [4, 9], [6, 9], [8, 9]]
1
3
3 5 7 8 
1 6 7 

222
1
[[0, 1], [0, 2], [0, 5], [1, 3], [1, 4], [1, 5], [1, 7], [2, 4], [2, 9], [3, 5], [3, 6], [3, 8], [3, 9], [6, 7]]
1
0
0 3 4 5 7 
1 2 5 

223
0
[[0, 6], [0, 7], (9, 0), (3, 1), [1, 7], [2, 3], [2, 4], (7, 2), [3, 4], [4, 7], [4, 9], [5, 7], [6, 7], (8, 6), [7, 9]]
7
0
2 9 
6 7 

224
0
[(5, 0), [1, 2], [1, 5], [2, 9], [3, 4], [3, 8], [3, 9], [4, 7], (9, 4), (9, 5), [6, 7], [6, 9], (9, 8)]
9
2
4 5 8 
9 

225
1
[[0, 8], [1, 2], [1, 4], [1, 6], [1, 7], [1, 9], [2, 4], [2, 5], [2, 9], [3, 5], [3, 6], [3, 7], [4, 7], [4, 8], [6, 8]]
1
6
2 4 6 7 9 
1 3 8 

226
0
[[0, 4], (7, 0), [0, 9], (6, 1), [1, 8], [2, 5], [2, 6], [3, 7], (8, 3), [3, 9], [4, 6], (7, 4), (8, 5), [6, 9]]
6
1
1 9 
8 

227
1
[[0, 1], [0, 2], [0, 3], [0, 7], [0, 9], [1, 9], [2, 5], [2, 6], [2, 8], [3, 8], [3, 9], [4, 7], [6, 7]]
0
3
1 2 3 7 9 
0 8 9 

228
0
[[0, 4], (6, 0), (7, 0), (3, 1), (5, 1), [1, 6], (8, 1), (9, 1), (4, 2), (5, 2), [2, 8], (9, 2), [5, 6], (8, 6), (9, 7)]
1
5
6 
1 2 6 

229
1
[[0, 3], [0, 9], [1, 4], [1, 6], [2, 3], [2, 4], [2, 5], [2, 7], [2, 8], [3, 7], [5, 7], [6, 9]]
2
4
3 4 5 7 8 
1 2 

230
1
[[0, 4], [0, 6], [0, 7], [1, 6], [2, 4], [2, 7], [2, 8], [2, 9], [3, 6], [3, 7], [5, 7], [6, 7], [8, 9]]
7
0
0 2 3 5 6 
4 6 7 

231
0
[(2, 0), (5, 0), [0, 9], (8, 1), (3, 2), (4, 2), (8, 2), (5, 3), [3, 6], [4, 5], [4, 8], [5, 7], [5, 9], (9, 7)]
5
7
0 3 7 9 
None

232
1
[[0, 7], [1, 3], [1, 5], [1, 9], [2, 4], [2, 9], [3, 4], [3, 7], [3, 9], [4, 5], [5, 9], [6, 7], [7, 8]]
3
1
1 4 7 9 
3 5 9 

233
1
[[0, 3], [0, 6], [0, 7], [1, 8], [2, 3], [2, 4], [2, 5], [4, 6], [4, 7], [5, 6], [6, 9], [8, 9]]
6
5
0 4 5 9 
2 6 

234
1
[[0, 2], [1, 3], [1, 4], [1, 5], [1, 7], [1, 8], [1, 9], [2, 5], [3, 4], [3, 5], [4, 5], [5, 6], [5, 9]]
1
3
3 4 5 7 8 9 
1 4 5 

235
1
[[0, 1], [0, 3], [0, 4], [0, 6], [1, 9], [2, 4], [2, 5], [2, 6], [4, 9], [5, 7], [5, 8], [7, 9]]
0
1
1 3 4 6 
0 9 

236
1
[[0, 1], [0, 2], [0, 3], [0, 4], [0, 8], [0, 9], [1, 7], [2, 3], [2, 4], [2, 5], [2, 6], [2, 7], [3, 5], [4, 6], [4, 8], [4, 9]]
0
4
1 2 3 4 8 9 
0 2 6 8 9 

237
1
[[0, 2], [0, 4], [1, 4], [1, 5], [1, 6], [1, 8], [2, 6], [2, 7], [2, 8], [3, 7], [3, 8], [4, 6], [5, 8], [5, 9], [6, 8]]
8
5
1 2 3 5 6 
1 8 9 

238
0
[[0, 7], [0, 4], (2, 0), (2, 7), [7, 6], [2, 4], (8, 2), (1, 2), (8, 4), [1, 8], [1, 6], (3, 1), [1, 9], (9, 8), [6, 5], [9, 3], (5, 9), [3, 5]]
2
8
0 4 7 
2 4 

239
0
[[0, 4], (6, 0), (7, 0), (3, 1), [1, 5], (6, 1), (8, 1), (9, 1), (4, 2), [2, 5], (8, 2), (9, 2), (6, 5), [6, 8], [7, 9]]
1
5
5 
None

240
0
[(1, 0), (2, 0), (3, 0), (7, 0), [0, 9], [1, 9], [2, 5], [2, 6], (8, 2), [3, 8], (9, 3), [4, 7], [6, 7]]
0
3
9 
0 8 

241
0
[(2, 0), (5, 0), [0, 9], (8, 1), (3, 2), [2, 4], [2, 8], (5, 3), (6, 3), (5, 4), (8, 4), (7, 5), [5, 9], [7, 9]]
5
7
0 3 4 9 
5 9 

242
1
[[2, 4], [2, 3], [2, 6], [2, 5], [4, 1], [4, 5], [4, 0], [6, 8], [6, 7], [8, 9], [8, 0], [0, 3], [0, 9], [0, 5], [3, 1], [9, 5], [5, 7], [7, 1]]
0
4
3 4 5 8 9 
0 1 2 5 

243
0
[(3, 0), (7, 1), (4, 2), [2, 8], [2, 9], (4, 3), [3, 5], [3, 7], [4, 6], (7, 4), (7, 5), [5, 8], [5, 9], [7, 8]]
7
8
1 4 5 8 
None

244
1
[[0, 5], [0, 8], [0, 9], [1, 5], [1, 8], [2, 3], [2, 4], [3, 9], [4, 5], [4, 6], [5, 8], [5, 9], [6, 8], [7, 8]]
5
0
0 1 4 8 9 
5 8 9 

245
0
[[2, 4], [2, 1], [2, 8], [4, 0], [4, 5], (3, 1), (9, 1), (3, 0), (6, 0), [3, 6], (9, 3), [3, 7], (7, 5), (6, 5), [5, 9], [7, 9], [7, 8], (8, 9)]
3
7
0 1 6 7 
5 8 9 

246
0
[(2, 0), [1, 3], (4, 1), (5, 1), (7, 1), (8, 1), (9, 1), (5, 2), (4, 3), [3, 5], (5, 4), (6, 5), (9, 5)]
1
3
3 
5 

247
1
[[0, 1], [0, 8], [1, 2], [1, 5], [1, 7], [2, 3], [2, 4], [3, 5], [5, 6], [5, 8], [6, 8], [8, 9]]
1
2
0 2 5 7 
1 3 4 

248
1
[[0, 8], [1, 2], [1, 4], [1, 6], [1, 7], [1, 9], [2, 4], [2, 5], [2, 9], [3, 5], [3, 6], [3, 7], [4, 7], [4, 8], [6, 8]]
1
6
2 4 6 7 9 
1 3 8 

249
1
[[0, 1], [0, 7], [0, 9], [0, 3], [1, 3], [1, 9], [7, 5], [7, 4], [2, 4], [2, 3], [2, 8], [4, 6], [5, 8], [5, 6], [8, 6], [8, 3], [9, 3]]
3
2
0 1 2 8 9 
3 4 8 

250
0
[[0, 8], [1, 3], (5, 1), (7, 1), (8, 1), [2, 8], (6, 3), (7, 3), (5, 4), (9, 4), (9, 6), (9, 8)]
1
3
3 
None

251
0
[[0, 5], (2, 1), (5, 1), [2, 9], (4, 3), [3, 8], (9, 3), (7, 4), [4, 9], [5, 9], (7, 6), [6, 9], (9, 8)]
9
2
3 8 
1 9 

252
1
[[0, 1], [0, 4], [0, 5], [1, 6], [1, 7], [1, 8], [2, 4], [2, 5], [3, 6], [3, 8], [4, 5], [4, 9]]
1
6
0 6 7 8 
1 3 

253
1
[[0, 7], [1, 3], [1, 5], [1, 9], [2, 4], [2, 9], [3, 4], [3, 7], [3, 9], [4, 5], [5, 9], [6, 7], [7, 8]]
3
1
1 4 7 9 
3 5 9 

254
0
[[0, 3], [0, 6], [0, 7], (8, 1), (3, 2), [2, 4], [2, 5], (6, 4), [4, 7], [5, 6], (9, 6), [8, 9]]
6
5
4 
6 

255
1
[[0, 3], [0, 9], [1, 4], [1, 6], [2, 3], [2, 4], [2, 5], [2, 7], [2, 8], [3, 7], [5, 7], [6, 9]]
2
4
3 4 5 7 8 
1 2 

256
0
[(1, 0), [0, 2], (5, 0), (3, 1), (4, 1), [1, 5], [1, 7], (4, 2), [2, 9], [3, 5], (6, 3), (8, 3), (9, 3), (7, 6)]
1
0
0 5 7 
2 

257
0
[(1, 0), (9, 0), (6, 0), (7, 0), (7, 1), (6, 1), (4, 2), (7, 2), (8, 2), [4, 5], (8, 4), (5, 7), (8, 7), (8, 9), (3, 9), (3, 5), [6, 3]]
7
2
0 1 2 
None

258
1
[[0, 1], [0, 3], [0, 4], [0, 6], [1, 9], [2, 4], [2, 5], [2, 6], [4, 9], [5, 7], [5, 8], [7, 9]]
0
1
1 3 4 6 
0 9 

259
1
[[0, 1], [0, 2], [0, 3], [0, 6], [0, 7], [1, 3], [1, 4], [1, 5], [1, 6], [1, 7], [1, 8], [3, 4], [3, 5], [3, 8], [6, 9], [8, 9]]
1
6
0 3 4 5 6 7 8 
0 1 9 

260
0
[[0, 2], (4, 0), [1, 4], [1, 5], [1, 6], [1, 8], [2, 6], [2, 7], [2, 8], (7, 3), (8, 3), (6, 4), [5, 8], [5, 9], (8, 6)]
8
5
3 6 
8 9 

261
0
[[0, 1], [0, 9], (3, 1), (4, 1), (6, 1), [2, 6], (8, 2), [2, 9], (5, 3), (6, 3), [4, 5], (7, 4), (8, 4), (8, 5), (9, 8)]
1
3
None
1 

262
1
[[0, 2], [0, 3], [0, 8], [1, 3], [1, 4], [1, 6], [1, 9], [2, 5], [2, 9], [4, 6], [4, 7], [5, 6]]
1
3
3 4 6 9 
0 1 

263
1
[[1, 2], [1, 5], [1, 4], [2, 0], [2, 8], [5, 0], [5, 9], [3, 7], [3, 0], [3, 6], [3, 9], [7, 9], [7, 8], [4, 6], [4, 8], [6, 9]]
3
7
0 6 7 9 
3 8 9 

264
0
[[0, 4], [0, 7], [0, 9], (6, 1), [1, 8], (5, 2), [2, 6], (7, 3), [3, 8], [3, 9], (6, 4), [4, 7], (8, 5), (9, 6)]
6
1
1 4 
8 

265
1
[[0, 2], [0, 7], [1, 9], [2, 3], [2, 4], [2, 6], [2, 7], [2, 9], [3, 4], [3, 7], [3, 8], [5, 9], [8, 9]]
2
7
0 3 4 6 7 9 
0 2 3 

266
0
[(6, 0), [0, 7], (9, 0), (3, 1), [1, 7], [2, 3], [2, 4], [2, 7], [3, 4], (7, 4), (9, 4), (7, 5), (7, 6), (8, 6), (9, 7)]
7
0
4 5 6 
7 

267
0
[[0, 1], (2, 0), [0, 3], (4, 0), (8, 0), [0, 9], (7, 1), (3, 2), (4, 2), (5, 2), (6, 2), [2, 7], (5, 3), [4, 6], (8, 4), [4, 9]]
0
4
1 3 9 
0 2 6 9 

268
1
[[0, 1], [0, 2], [0, 3], [0, 9], [1, 3], [1, 4], [2, 5], [2, 6], [3, 4], [3, 5], [3, 9], [4, 6], [4, 7], [4, 8], [5, 8], [6, 7]]
3
0
0 1 4 5 9 
1 2 3 9 

269
0
[[0, 3], (5, 0), [0, 6], [0, 7], [1, 8], (5, 2), [2, 8], [2, 9], (6, 3), [4, 8], [6, 8], (9, 6), [7, 8]]
8
2
None
8 9 

270
1
[[0, 4], [0, 6], [0, 7], [1, 6], [2, 4], [2, 7], [2, 8], [2, 9], [3, 6], [3, 7], [5, 7], [6, 7], [8, 9]]
7
0
0 2 3 5 6 
4 6 7 

271
0
[[0, 1], (2, 0), (3, 0), [0, 4], (5, 0), [0, 9], (5, 1), (8, 1), (3, 2), (4, 3), (8, 3), [4, 6], [4, 7], [5, 6], [5, 7], [5, 9]]
0
3
1 4 9 
0 2 

272
1
[[0, 3], [0, 5], [0, 6], [0, 7], [1, 8], [2, 5], [2, 8], [2, 9], [3, 6], [4, 8], [6, 8], [6, 9], [7, 8]]
8
2
1 2 4 6 7 
5 8 9 

273
0
[(8, 0), (3, 1), [1, 5], [1, 7], (8, 1), (8, 2), (6, 3), (7, 3), [4, 5], (9, 4), [6, 9], (9, 8)]
1
3
5 7 
1 

274
1
[[0, 2], [1, 3], [1, 4], [1, 5], [1, 7], [1, 8], [1, 9], [2, 5], [3, 4], [3, 5], [4, 5], [5, 6], [5, 9]]
1
3
3 4 5 7 8 9 
1 4 5 

275
1
[[0, 4], [0, 6], [0, 7], [1, 3], [1, 5], [1, 6], [1, 8], [1, 9], [2, 4], [2, 5], [2, 8], [2, 9], [5, 6], [6, 8], [7, 9]]
1
5
3 5 6 8 9 
1 2 6 

276
1
[[0, 2], [0, 5], [0, 9], [1, 8], [2, 3], [2, 4], [2, 8], [3, 5], [3, 6], [4, 5], [4, 8], [5, 7], [5, 9], [7, 9]]
5
7
0 3 4 7 9 
5 9 

277
0
[(5, 0), (2, 1), (5, 1), [2, 9], [3, 4], [3, 8], (9, 3), [4, 7], (9, 4), [5, 9], (7, 6), (9, 6), (9, 8)]
9
2
3 4 6 8 
1 9 

278
0
[(1, 0), (3, 0), [0, 4], (6, 0), [1, 9], [2, 4], (5, 2), [2, 6], (9, 4), [5, 7], (8, 5), [7, 9]]
0
1
4 
0 9 

279
1
[[0, 1], [0, 9], [1, 3], [1, 4], [1, 6], [2, 6], [2, 8], [2, 9], [3, 5], [3, 6], [4, 5], [4, 7], [4, 8], [5, 8], [8, 9]]
1
3
0 3 4 6 
1 5 6 

280
0
[[0, 7], [1, 3], [1, 5], [1, 9], [2, 4], [2, 9], [3, 4], [3, 7], (9, 3), (5, 4), [5, 9], (7, 6), (8, 7)]
3
1
4 7 
3 5 9 

281
0
[[0, 7], [0, 4], (2, 0), [7, 2], [7, 6], (4, 2), [2, 8], [2, 1], (8, 4), (8, 1), [1, 6], (3, 1), [1, 9], [8, 9], (5, 6), [9, 3], (5, 9), [3, 5]]
2
8
0 1 8 
1 4 9 

282
1
[[0, 8], [1, 2], [1, 4], [1, 6], [1, 7], [1, 9], [2, 4], [2, 5], [2, 9], [3, 5], [3, 6], [3, 7], [4, 7], [4, 8], [6, 8]]
1
6
2 4 6 7 9 
1 3 8 

283
1
[[0, 1], [0, 9], [0, 6], [0, 7], [1, 7], [1, 6], [2, 4], [2, 7], [2, 8], [4, 5], [4, 8], [7, 5], [7, 8], [9, 8], [9, 3], [5, 3], [6, 3]]
7
2
0 1 2 5 8 
4 7 8 

284
1
[[0, 2], [0, 4], [1, 4], [1, 5], [1, 6], [1, 8], [2, 6], [2, 7], [2, 8], [3, 7], [3, 8], [4, 6], [5, 8], [5, 9], [6, 8]]
8
5
1 2 3 5 6 
1 8 9 

285
1
[[0, 1], [0, 8], [1, 2], [1, 5], [1, 7], [2, 3], [2, 4], [3, 5], [5, 6], [5, 8], [6, 8], [8, 9]]
1
2
0 2 5 7 
1 3 4 

286
0
[[0, 2], (7, 0), (9, 1), [2, 3], [2, 4], [2, 6], (7, 2), (9, 2), [3, 4], (7, 3), [3, 8], (9, 5), [8, 9]]
2
7
3 4 6 
0 2 3 

287
0
[(2, 1), (5, 1), [1, 4], (0, 2), (8, 2), (0, 5), [5, 9], (7, 3), (0, 3), (6, 3), [3, 9], (9, 7), (8, 7), (6, 4), (8, 4), (9, 6)]
3
7
9 
3 

288
1
[[0, 1], [0, 7], [0, 9], [0, 3], [1, 3], [1, 9], [7, 5], [7, 4], [2, 4], [2, 3], [2, 8], [4, 6], [5, 8], [5, 6], [8, 6], [8, 3], [9, 3]]
3
2
0 1 2 8 9 
3 4 8 

289
0
[[0, 1], (2, 0), (5, 0), [1, 3], [1, 4], (5, 1), (7, 1), [2, 4], (9, 2), [3, 5], [3, 6], [3, 8], (9, 3), [6, 7]]
1
0
3 4 
1 

290
1
[[0, 2], [0, 3], [0, 8], [1, 3], [1, 4], [1, 6], [1, 9], [2, 5], [2, 9], [4, 6], [4, 7], [5, 6]]
1
3
3 4 6 9 
0 1 

291
1
[[0, 4], [0, 6], [0, 7], [1, 6], [2, 4], [2, 7], [2, 8], [2, 9], [3, 6], [3, 7], [5, 7], [6, 7], [8, 9]]
7
0
0 2 3 5 6 
4 6 7 

292
0
[[0, 1], [0, 2], [0, 3], (9, 0), [1, 3], (4, 1), [2, 5], [2, 6], (4, 3), (5, 3), (9, 3), (6, 4), (7, 4), [4, 8], (8, 5), [6, 7]]
3
0
None
1 2 3 

293
0
[[0, 3], (9, 0), [1, 4], (6, 1), (3, 2), [2, 4], [2, 5], [2, 7], [2, 8], [3, 7], (7, 5), [6, 9]]
2
4
4 5 7 8 
None

294
1
[[2, 4], [2, 3], [2, 6], [2, 5], [4, 1], [4, 5], [4, 0], [6, 8], [6, 7], [8, 9], [8, 0], [0, 3], [0, 9], [0, 5], [3, 1], [9, 5], [5, 7], [7, 1]]
0
4
3 4 5 8 9 
0 1 2 5 

295
1
[[0, 1], [0, 2], [0, 3], [0, 7], [0, 9], [1, 9], [2, 5], [2, 6], [2, 8], [3, 8], [3, 9], [4, 7], [6, 7]]
0
3
1 2 3 7 9 
0 8 9 

296
0
[(3, 0), (6, 0), (7, 0), [1, 8], (3, 2), [2, 4], (5, 2), (6, 4), (7, 4), [5, 6], [6, 9], (9, 8)]
6
5
0 4 9 
2 6 

297
1
[[0, 1], [0, 2], [0, 3], [0, 4], [0, 5], [0, 9], [1, 5], [1, 8], [2, 3], [3, 4], [3, 8], [4, 6], [4, 7], [5, 6], [5, 7], [5, 9]]
0
3
1 2 3 4 5 9 
0 2 4 8 

298
1
[[0, 3], [1, 7], [2, 4], [2, 8], [2, 9], [3, 4], [3, 5], [3, 7], [4, 6], [4, 7], [5, 7], [5, 8], [5, 9], [7, 8]]
7
8
1 3 4 5 8 
2 5 7 

299
1
[[2, 4], [2, 1], [2, 8], [4, 0], [4, 5], [1, 3], [1, 9], [0, 3], [0, 6], [3, 6], [3, 9], [3, 7], [5, 7], [5, 6], [5, 9], [7, 9], [7, 8], [9, 8]]
3
7
0 1 6 7 9 
3 5 8 9 

300
0
[[0, 1], (2, 0), [0, 3], (6, 0), (7, 0), [1, 3], [1, 4], [1, 5], (6, 1), (7, 1), [1, 8], [3, 4], [3, 5], [3, 8], [6, 9], (9, 8)]
1
6
3 4 5 8 
0 1 9 

301
1
[[0, 1], [0, 4], [0, 5], [1, 6], [1, 7], [1, 8], [2, 4], [2, 5], [3, 6], [3, 8], [4, 5], [4, 9]]
1
6
0 6 7 8 
1 3 

302
0
[[0, 4], (7, 0), [0, 9], (6, 1), [1, 8], [2, 5], (6, 2), (7, 3), [3, 8], (9, 3), (6, 4), [4, 7], [5, 8], (9, 6)]
6
1
1 2 4 
8 

303
0
[[0, 1], [0, 2], (3, 0), (4, 0), (8, 0), [0, 9], (7, 1), [2, 3], (4, 2), [2, 5], (6, 2), (7, 2), [3, 5], [4, 6], (8, 4), [4, 9]]
0
4
1 2 9 
0 2 6 9 

304
1
[[0, 5], [0, 8], [0, 9], [1, 5], [1, 8], [2, 3], [2, 4], [3, 9], [4, 5], [4, 6], [5, 8], [5, 9], [6, 8], [7, 8]]
5
0
0 1 4 8 9 
5 8 9 

305
1
[[0, 6], [0, 7], [0, 9], [1, 3], [1, 7], [2, 3], [2, 4], [2, 7], [3, 4], [4, 7], [4, 9], [5, 7], [6, 7], [6, 8], [7, 9]]
7
0
0 1 2 4 5 6 9 
6 7 9 

306
0
[(3, 0), (5, 0), (6, 0), [0, 7], [1, 8], [2, 5], (8, 2), [2, 9], (6, 3), [4, 8], [6, 8], [6, 9], [7, 8]]
8
2
2 
5 9 

307
1
[[0, 2], [1, 3], [1, 4], [1, 5], [1, 7], [1, 8], [1, 9], [2, 5], [3, 4], [3, 5], [4, 5], [5, 6], [5, 9]]
1
3
3 4 5 7 8 9 
1 4 5 

308
1
[[0, 1], [0, 3], [0, 4], [0, 6], [1, 9], [2, 4], [2, 5], [2, 6], [4, 9], [5, 7], [5, 8], [7, 9]]
0
1
1 3 4 6 
0 9 

309
1
[[0, 4], [0, 6], [0, 7], [1, 6], [2, 4], [2, 7], [2, 8], [2, 9], [3, 6], [3, 7], [5, 7], [6, 7], [8, 9]]
7
0
0 2 3 5 6 
4 6 7 

310
1
[[0, 7], [1, 3], [1, 5], [1, 9], [2, 4], [2, 9], [3, 4], [3, 7], [3, 9], [4, 5], [5, 9], [6, 7], [7, 8]]
3
1
1 4 7 9 
3 5 9 

311
0
[[0, 8], [1, 2], [1, 4], (6, 1), [1, 7], (9, 1), [2, 4], [2, 5], (9, 2), [3, 5], (6, 3), (7, 3), [4, 7], (8, 4), (8, 6)]
1
6
2 4 7 
1 3 

312
1
[[0, 1], [0, 2], [0, 3], [0, 4], [0, 5], [0, 9], [1, 5], [1, 8], [2, 3], [3, 4], [3, 8], [4, 6], [4, 7], [5, 6], [5, 7], [5, 9]]
0
3
1 2 3 4 5 9 
0 2 4 8 

313
1
[[0, 1], [0, 2], [0, 3], [0, 6], [0, 7], [1, 3], [1, 4], [1, 5], [1, 6], [1, 7], [1, 8], [3, 4], [3, 5], [3, 8], [6, 9], [8, 9]]
1
6
0 3 4 5 6 7 8 
0 1 9 

314
0
[[0, 2], (7, 0), (9, 1), [2, 3], [2, 4], (6, 2), (7, 2), [2, 9], [3, 4], (7, 3), (8, 3), [5, 9], (9, 8)]
2
7
3 4 9 
0 2 3 

315
1
[[0, 6], [0, 7], [0, 9], [1, 3], [1, 7], [2, 3], [2, 4], [2, 7], [3, 4], [4, 7], [4, 9], [5, 7], [6, 7], [6, 8], [7, 9]]
7
0
0 1 2 4 5 6 9 
6 7 9 

316
0
[(1, 0), (7, 0), (9, 0), [0, 3], (3, 1), [1, 9], (5, 7), (4, 7), (4, 2), (3, 2), (8, 2), (6, 4), [5, 8], (6, 5), (6, 8), [8, 3], [9, 3]]
3
2
1 2 
None

317
1
[[0, 1], [0, 2], [0, 5], [1, 3], [1, 4], [1, 5], [1, 7], [2, 4], [2, 9], [3, 5], [3, 6], [3, 8], [3, 9], [6, 7]]
1
0
0 3 4 5 7 
1 2 5 

318
1
[[1, 2], [1, 5], [1, 4], [2, 0], [2, 8], [5, 0], [5, 9], [3, 7], [3, 0], [3, 6], [3, 9], [7, 9], [7, 8], [4, 6], [4, 8], [6, 9]]
3
7
0 6 7 9 
3 8 9 

319
1
[[0, 1], [0, 8], [1, 2], [1, 5], [1, 7], [2, 3], [2, 4], [3, 5], [5, 6], [5, 8], [6, 8], [8, 9]]
1
2
0 2 5 7 
1 3 4 

320
0
[[0, 8], [1, 3], [1, 5], (7, 1), [1, 8], [2, 8], [3, 6], [3, 7], (5, 4), [4, 9], (9, 6), [8, 9]]
1
3
3 5 8 
6 7 

321
1
[[0, 1], [0, 9], [0, 6], [0, 7], [1, 7], [1, 6], [2, 4], [2, 7], [2, 8], [4, 5], [4, 8], [7, 5], [7, 8], [9, 8], [9, 3], [5, 3], [6, 3]]
7
2
0 1 2 5 8 
4 7 8 

322
1
[[0, 5], [1, 2], [1, 5], [2, 9], [3, 4], [3, 8], [3, 9], [4, 7], [4, 9], [5, 9], [6, 7], [6, 9], [8, 9]]
9
2
2 3 4 5 6 8 
1 9 

323
1
[[0, 3], [0, 6], [0, 7], [1, 8], [2, 3], [2, 4], [2, 5], [4, 6], [4, 7], [5, 6], [6, 9], [8, 9]]
6
5
0 4 5 9 
2 6 

324
1
[[2, 4], [2, 3], [2, 6], [2, 5], [4, 1], [4, 5], [4, 0], [6, 8], [6, 7], [8, 9], [8, 0], [0, 3], [0, 9], [0, 5], [3, 1], [9, 5], [5, 7], [7, 1]]
0
4
3 4 5 8 9 
0 1 2 5 

325
0
[[0, 2], (5, 0), [0, 9], [1, 8], [2, 3], [2, 4], (8, 2), (5, 3), [3, 6], [4, 5], (8, 4), (7, 5), [5, 9], (9, 7)]
5
7
0 3 9 
5 

326
1
[[0, 2], [0, 3], [0, 8], [1, 3], [1, 4], [1, 6], [1, 9], [2, 5], [2, 9], [4, 6], [4, 7], [5, 6]]
1
3
3 4 6 9 
0 1 

327
1
[[0, 1], [0, 4], [0, 5], [1, 6], [1, 7], [1, 8], [2, 4], [2, 5], [3, 6], [3, 8], [4, 5], [4, 9]]
1
6
0 6 7 8 
1 3 

328
1
[[0, 2], [0, 4], [1, 4], [1, 5], [1, 6], [1, 8], [2, 6], [2, 7], [2, 8], [3, 7], [3, 8], [4, 6], [5, 8], [5, 9], [6, 8]]
8
5
1 2 3 5 6 
1 8 9 

329
1
[[0, 4], [0, 7], [0, 9], [1, 6], [1, 8], [2, 5], [2, 6], [3, 7], [3, 8], [3, 9], [4, 6], [4, 7], [5, 8], [6, 9]]
6
1
1 2 4 9 
6 8 

330
0
[[0, 3], (9, 0), (4, 1), [1, 6], [2, 3], [2, 4], [2, 5], [2, 7], (8, 2), [3, 7], (7, 5), (9, 6)]
2
4
3 4 5 7 
1 

331
1
[[0, 1], [0, 2], [0, 3], [0, 9], [1, 3], [1, 4], [2, 5], [2, 6], [3, 4], [3, 5], [3, 9], [4, 6], [4, 7], [4, 8], [5, 8], [6, 7]]
3
0
0 1 4 5 9 
1 2 3 9 

332
0
[(3, 0), (7, 1), (4, 2), (8, 2), (9, 2), [3, 4], [3, 5], (7, 3), [4, 6], [4, 7], [5, 7], [5, 8], [5, 9], (8, 7)]
7
8
1 3 
2 7 

333
0
[[0, 7], (4, 0), (2, 0), (2, 7), [7, 6], (4, 2), [2, 8], (1, 2), (8, 4), (8, 1), (6, 1), (3, 1), (9, 1), [8, 9], (5, 6), (3, 9), (5, 9), (5, 3)]
2
8
0 7 8 
1 4 9 

334
0
[(4, 0), [0, 6], [0, 7], (3, 1), (5, 1), (6, 1), (8, 1), [1, 9], (4, 2), (5, 2), [2, 8], [2, 9], (6, 5), (8, 6), [7, 9]]
1
5
9 
1 2 

335
1
[[0, 5], [0, 8], [0, 9], [1, 5], [1, 8], [2, 3], [2, 4], [3, 9], [4, 5], [4, 6], [5, 8], [5, 9], [6, 8], [7, 8]]
5
0
0 1 4 8 9 
5 8 9 

336
0
[(1, 0), [0, 9], (3, 1), (4, 1), [1, 6], [2, 6], [2, 8], (9, 2), [3, 5], [3, 6], [4, 5], [4, 7], [4, 8], [5, 8], [8, 9]]
1
3
0 6 
1 5 6 

337
1
[[0, 1], [0, 2], [0, 3], [0, 7], [0, 9], [1, 9], [2, 5], [2, 6], [2, 8], [3, 8], [3, 9], [4, 7], [6, 7]]
0
3
1 2 3 7 9 
0 8 9 

338
0
[[0, 1], (2, 0), (3, 0), (4, 0), [0, 8], [0, 9], [1, 7], (3, 2), [2, 4], (5, 2), [2, 6], [2, 7], [3, 5], (6, 4), [4, 8], (9, 4)]
0
4
1 8 9 
0 8 

339
1
[[2, 4], [2, 1], [2, 8], [4, 0], [4, 5], [1, 3], [1, 9], [0, 3], [0, 6], [3, 6], [3, 9], [3, 7], [5, 7], [5, 6], [5, 9], [7, 9], [7, 8], [9, 8]]
3
7
0 1 6 7 9 
3 5 8 9 

340
1
[[0, 1], [0, 8], [1, 2], [1, 5], [1, 7], [2, 3], [2, 4], [3, 5], [5, 6], [5, 8], [6, 8], [8, 9]]
1
2
0 2 5 7 
1 3 4 

341
0
[(4, 0), (6, 0), [0, 7], [1, 6], (4, 2), [2, 7], [2, 8], (9, 2), (6, 3), (7, 3), (7, 5), (7, 6), (9, 8)]
7
0
3 5 6 
7 

342
0
[[0, 1], [0, 2], [0, 3], [0, 9], [1, 3], (4, 1), [2, 5], [2, 6], (4, 3), (5, 3), [3, 9], (6, 4), [4, 7], (8, 4), (8, 5), [6, 7]]
3
0
9 
1 2 3 9 

343
1
[[0, 3], [1, 7], [2, 4], [2, 8], [2, 9], [3, 4], [3, 5], [3, 7], [4, 6], [4, 7], [5, 7], [5, 8], [5, 9], [7, 8]]
7
8
1 3 4 5 8 
2 5 7 

344
1
[[0, 1], [0, 9], [1, 3], [1, 4], [1, 6], [2, 6], [2, 8], [2, 9], [3, 5], [3, 6], [4, 5], [4, 7], [4, 8], [5, 8], [8, 9]]
1
3
0 3 4 6 
1 5 6 

345
1
[[0, 2], [0, 3], [0, 8], [1, 3], [1, 4], [1, 6], [1, 9], [2, 5], [2, 9], [4, 6], [4, 7], [5, 6]]
1
3
3 4 6 9 
0 1 

346
1
[[0, 5], [0, 8], [0, 9], [1, 5], [1, 8], [2, 3], [2, 4], [3, 9], [4, 5], [4, 6], [5, 8], [5, 9], [6, 8], [7, 8]]
5
0
0 1 4 8 9 
5 8 9 

347
1
[[0, 2], [0, 5], [0, 9], [1, 8], [2, 3], [2, 4], [2, 8], [3, 5], [3, 6], [4, 5], [4, 8], [5, 7], [5, 9], [7, 9]]
5
7
0 3 4 7 9 
5 9 

348
1
[[1, 2], [1, 5], [1, 4], [2, 0], [2, 8], [5, 0], [5, 9], [3, 7], [3, 0], [3, 6], [3, 9], [7, 9], [7, 8], [4, 6], [4, 8], [6, 9]]
3
7
0 6 7 9 
3 8 9 

349
1
[[0, 8], [1, 3], [1, 5], [1, 7], [1, 8], [2, 8], [3, 6], [3, 7], [4, 5], [4, 9], [6, 9], [8, 9]]
1
3
3 5 7 8 
1 6 7 

