
call 100.bat

=100_1.py
<class 'set'>

=100_2.py
3 0 3 7 5 
=100_3.py
0 1 5 3

=100_5.py
-6

=100_7.py
5 11 7 6 3 4 2 1 0 10 8 9

=100_8.py
1 5 6

call 101.bat

=101_1.py
<class 'dict'>

=101_2.py
68 38 27 87 
=101_3.py
0 5 4 5 ERR

=101_5.py
0

=101_7.py
9 8 1 0 3 7 2 11 4 10 6 5

=101_8.py
2 3 4 5

call 102.bat

=102_1.py
<class 'dict'>

=102_2.py
(48, 5) (21, 8) (39, 8) (14, 8) 
=102_3.py
0 4 5 3

=102_5.py
7

=102_7.py
5 4 10 3 2 6 0 8 7 9 1

=102_8.py
2 3 4 6

call 103.bat

=103_1.py
<class 'dict'>

=103_2.py
77 8 65 5 30 1 50 8 
=103_3.py
4 1 5 3

=103_5.py
2

=103_7.py
7 3 6 5 10 4 11 9 0 1 2 8

=103_8.py
1 2 3 4

call 104.bat

=104_1.py
error

=104_2.py
14 78 62 87 
=104_3.py
0 1 5 3

=104_5.py
3

=104_7.py
5 6 7 3 2 0 10 8 4 1 9

=104_8.py
1 2 4 5 6

call 105.bat

=105_1.py
<class 'list'>

=105_2.py
28 7 16 8 86 9 38 2 
=105_3.py
0 4 5 3

=105_5.py
-12

=105_7.py
11 6 10 4 3 8 7 0 9 5 1 2

=105_8.py
2 3 4 5

call 106.bat

=106_1.py
<class 'tuple'>

=106_2.py
75 9 69 0 43 2 41 0 
=106_3.py
0 1 5 3

=106_5.py
2

=106_7.py
8 1 10 5 0 7 9 4 3 6 2

=106_8.py
1 2 3 4 5

call 107.bat

=107_1.py
<class 'list'>

=107_2.py
68 9 31 4 11 6 
=107_3.py
0 5 5 5 2

=107_5.py
7

=107_7.py
10 8 9 0 1 7 5 2 3 6 4

=107_8.py
1 2 3

call 108.bat

=108_1.py
<class 'dict'>

=108_2.py
(55, 2) (71, 2) (73, 8) (12, 4) (18, 8) 
=108_3.py
0 2 5 2 ERR

=108_5.py
-1

=108_7.py
7 0 3 6 8 5 10 2 11 4 9 1

=108_8.py
2 4 5 6

call 109.bat

=109_1.py
<class 'dict'>

=109_2.py
52 48 73 41 43 
=109_3.py
0 5 ERR

=109_5.py
-8

=109_7.py
4 6 8 1 5 9 2 3 10 0 7

=109_8.py
1 2 3 6

call 110.bat

=110_1.py
<class 'list'>

=110_2.py
9 2 9 
=110_3.py
0 2 5 2 ERR

=110_5.py
5

=110_7.py
5 7 6 3 0 2 4 11 8 10 1 9

=110_8.py
2 4 5 6

call 111.bat

=111_1.py
<class 'list'>

=111_2.py
39 55 30 70 58 
=111_3.py
0 1 5 3

=111_5.py
-7

=111_7.py
3 1 4 5 0 9 7 2 10 6 8

=111_8.py
5 6

call 112.bat

=112_1.py
<class 'set'>

=112_2.py
90 1 64 4 86 7 37 1 
=112_3.py
0 5 4 5 ERR

=112_5.py
0

=112_7.py
3 9 7 5 8 1 6 0 4 2 10

=112_8.py
3 6

call 113.bat

=113_1.py
<class 'tuple'>

=113_2.py
19 41 27 61 
=113_3.py
0 4 5 3

=113_5.py
6

=113_7.py
2 0 6 4 5 8 10 7 3 9 1

=113_8.py
1 3 4 6

call 114.bat

=114_1.py
<class 'set'>

=114_2.py
9 9 9 8 
=114_3.py
0 1 5 3

=114_5.py
1

=114_7.py
8 1 6 9 10 4 3 2 5 0 7

=114_8.py
2 3 4 6

call 115.bat

=115_1.py
<class 'dict'>

=115_2.py
43 0 70 7 48 2 
=115_3.py
0 2 5 2 ERR

=115_5.py
-3

=115_7.py
1 9 10 7 11 8 2 6 4 3 0 5

=115_8.py
2 6

call 116.bat

=116_1.py
<class 'dict'>

=116_2.py
(27, 1) (26, 4) (63, 7) (50, 6) (44, 9) 
=116_3.py
0 5 ERR

=116_5.py
-7

=116_7.py
3 2 8 5 9 4 1 6 0 10 7

=116_8.py
2 5 6

call 117.bat

=117_1.py
<class 'dict'>

=117_2.py
48 71 21 25 
=117_3.py
0 4 5 3

=117_5.py
4

=117_7.py
7 8 2 9 0 5 3 4 10 1 6

=117_8.py
1 5 6

call 118.bat

=118_1.py
<class 'dict'>

=118_2.py
6 4 2 
=118_3.py
0 5 4 5 ERR

=118_5.py
10

=118_7.py
9 0 1 7 8 5 3 4 6 2 10

=118_8.py
1 2 5 6

call 119.bat

=119_1.py
<class 'dict'>

=119_2.py
53 88 90 
=119_3.py
4 1 5 3

=119_5.py
3

=119_7.py
7 4 5 10 6 3 2 8 1 0 9

=119_8.py
1 5 6

call 120.bat

=120_1.py
<class 'tuple'>

=120_2.py
77 9 16 9 84 5 58 5 
=120_3.py
0 2 5 2 ERR

=120_5.py
6

=120_7.py
10 6 1 9 5 0 4 3 7 11 2 8

=120_8.py
1 2 3 4 5

call 121.bat

=121_1.py
<class 'set'>

=121_2.py
(54, 0) (47, 6) (51, 8) (49, 8) 
=121_3.py
0 5 ERR

=121_5.py
1

=121_7.py
3 9 10 8 4 7 2 0 5 6 1 11

=121_8.py
2 3 6

call 122.bat

=122_1.py
<class 'list'>

=122_2.py
16 9 68 8 43 9 40 5 72 0 
=122_3.py
0 1 5 3

=122_5.py
-5

=122_7.py
3 2 10 6 0 5 4 9 1 7 8

=122_8.py
1 2 3

call 123.bat

=123_1.py
<class 'dict'>

=123_2.py
63 57 65 46 18 
=123_3.py
0 2 5 2 ERR

=123_5.py
1

=123_7.py
4 2 8 3 0 11 7 9 10 5 1 6

=123_8.py
3 6

call 124.bat

=124_1.py
<class 'list'>

=124_2.py
85 3 79 9 29 7 18 0 
=124_3.py
0 2 5 2 ERR

=124_5.py
-5

=124_7.py
0 1 11 3 2 4 10 6 7 9 8 5

=124_8.py
2 5 6

call 125.bat

=125_1.py
<class 'tuple'>

=125_2.py
89 53 80 30 
=125_3.py
0 5 ERR

=125_5.py
7

=125_7.py
0 9 8 3 10 5 6 2 7 4 1

=125_8.py
1 2 3

call 126.bat

=126_1.py
<class 'set'>

=126_2.py
11 88 40 
=126_3.py
0 4 5 3

=126_5.py
6

=126_7.py
6 10 7 1 9 5 3 4 2 8 0

=126_8.py
3 4

call 127.bat

=127_1.py
<class 'dict'>

=127_2.py
(32, 3) (70, 2) (67, 7) (83, 7) 
=127_3.py
0 1 5 3

=127_5.py
4

=127_7.py
10 9 6 1 7 3 8 2 4 0 5

=127_8.py
2 3 5 6

call 128.bat

=128_1.py
<class 'set'>

=128_2.py
3 1 5 4 
=128_3.py
0 2 5 2 ERR

=128_5.py
-14

=128_7.py
7 4 6 3 9 5 11 0 8 10 2 1

=128_8.py
1 3

call 129.bat

=129_1.py
error

=129_2.py
48 8 44 5 17 9 84 0 
=129_3.py
0 5 4 5 ERR

=129_5.py
14

=129_7.py
5 11 4 10 7 0 1 8 6 9 3 2

=129_8.py
1 2 4

call 130.bat

=130_1.py
<class 'dict'>

=130_2.py
31 5 20 6 10 8 29 6 72 0 
=130_3.py
0 2 5 2 ERR

=130_5.py
-6

=130_7.py
8 5 4 7 6 3 9 2 1 0 10

=130_8.py
1 2 3 4

call 131.bat

=131_1.py
<class 'dict'>

=131_2.py
(84, 8) (25, 8) (51, 0) (47, 5) 
=131_3.py
0 5 ERR

=131_5.py
4

=131_7.py
5 6 4 9 8 1 2 7 0 3 11 10

=131_8.py
1 2 3 4 6
