0
[(0, 4), (0, 6), (1, 2), (1, 4), (1, 5), (2, 3), (2, 6), (3, 6), (4, 6)]
2
[(1, 2), (1, 4), (0, 4), (0, 6), (3, 6), (1, 5)]
[(2, 3), (2, 6), (4, 6)]
[(4, 6), (1, 5), (0, 4), (1, 4), (2, 3), (2, 6)]
[0, 1, 1, 1, 0, 0]

1
[(0, 5), (0, 6), (1, 2), (1, 4), (2, 3), (2, 4), (2, 5), (2, 6), (3, 5)]
0
[(0, 5), (2, 5), (1, 2), (1, 4), (2, 3), (2, 6)]
[(0, 6), (2, 4), (3, 5)]
[(2, 4), (3, 5), (1, 4), (2, 6), (0, 6), (0, 5)]
[0, 0, 1, 1, 0, 1]

2
[(0, 2), (0, 4), (0, 6), (1, 2), (2, 3), (2, 5), (2, 6), (3, 5), (3, 6), (5, 6)]
3
[(2, 3), (0, 2), (0, 4), (0, 6), (5, 6), (1, 2)]
[(2, 5), (2, 6), (3, 5), (3, 6)]
[(2, 6), (5, 6), (0, 4), (2, 5), (3, 6), (3, 5)]
[0, 1, 1, 0, 0, 0]

3
[(0, 1), (0, 3), (0, 4), (1, 2), (1, 4), (1, 5), (3, 4), (3, 5), (3, 6), (4, 5)]
5
[(1, 5), (0, 1), (0, 3), (3, 4), (3, 6), (1, 2)]
[(0, 4), (1, 4), (3, 5), (4, 5)]
[(0, 4), (4, 5), (3, 5), (3, 4), (1, 2), (0, 3)]
[0, 0, 0, 1, 1, 1]

4
[(0, 3), (0, 4), (1, 3), (1, 4), (2, 3), (2, 4), (2, 5), (2, 6), (4, 5), (4, 6)]
5
[(2, 5), (2, 3), (0, 3), (0, 4), (1, 4), (4, 6)]
[(1, 3), (2, 4), (2, 6), (4, 5)]
[(2, 6), (2, 3), (1, 3), (1, 4), (4, 5), (2, 4)]
[0, 1, 0, 1, 0, 0]

5
[(0, 1), (0, 4), (0, 6), (1, 6), (2, 3), (2, 6), (3, 4), (3, 5), (4, 6)]
3
[(2, 3), (2, 6), (0, 6), (0, 1), (0, 4), (3, 5)]
[(1, 6), (3, 4), (4, 6)]
[(0, 1), (0, 4), (3, 4), (2, 3), (1, 6), (3, 5)]
[1, 1, 0, 1, 0, 1]

6
[(0, 1), (1, 2), (1, 3), (2, 3), (2, 6), (3, 4), (3, 5), (3, 6), (4, 5), (4, 6), (5, 6)]
0
[(0, 1), (1, 2), (2, 3), (3, 4), (4, 5), (5, 6)]
[(1, 3), (2, 6), (3, 5), (3, 6), (4, 6)]
[(0, 1), (3, 4), (4, 6), (3, 5), (4, 5), (2, 3)]
[1, 1, 0, 0, 1, 1]

7
[(0, 1), (0, 4), (1, 4), (1, 5), (1, 6), (2, 3), (2, 4), (4, 5), (4, 6)]
2
[(2, 3), (2, 4), (0, 4), (0, 1), (1, 5), (1, 6)]
[(1, 4), (4, 5), (4, 6)]
[(4, 5), (1, 6), (1, 5), (4, 6), (1, 4), (2, 4)]
[0, 1, 1, 0, 0, 1]

8
[(0, 3), (0, 5), (1, 2), (1, 6), (2, 4), (2, 5), (2, 6), (3, 5), (4, 6)]
5
[(0, 5), (0, 3), (2, 5), (1, 2), (1, 6), (4, 6)]
[(2, 4), (2, 6), (3, 5)]
[(1, 2), (1, 6), (0, 5), (3, 5), (2, 4), (2, 6)]
[1, 1, 1, 0, 0, 0]

9
[(0, 3), (1, 4), (1, 5), (2, 3), (2, 6), (3, 4), (3, 5), (4, 5), (4, 6), (5, 6)]
0
[(0, 3), (2, 3), (2, 6), (4, 6), (1, 4), (1, 5)]
[(3, 4), (3, 5), (4, 5), (5, 6)]
[(2, 6), (4, 6), (3, 4), (1, 5), (2, 3), (0, 3)]
[1, 1, 0, 1, 1, 1]

10
[(0, 1), (0, 3), (0, 5), (1, 5), (1, 6), (2, 4), (2, 6), (3, 4), (5, 6)]
3
[(0, 3), (0, 1), (1, 5), (5, 6), (2, 6), (2, 4)]
[(0, 5), (1, 6), (3, 4)]
[(2, 6), (1, 5), (1, 6), (0, 5), (3, 4), (0, 1)]
[1, 1, 0, 0, 0, 1]

11
[(0, 1), (0, 3), (0, 5), (1, 4), (1, 5), (1, 6), (2, 6), (3, 4), (3, 6), (4, 5)]
6
[(1, 6), (0, 1), (0, 3), (3, 4), (4, 5), (2, 6)]
[(0, 5), (1, 4), (1, 5), (3, 6)]
[(1, 4), (2, 6), (3, 4), (1, 5), (1, 6), (3, 6)]
[0, 1, 1, 0, 1, 0]

12
[(0, 1), (0, 2), (0, 4), (0, 5), (1, 2), (1, 4), (1, 6), (3, 5), (4, 5), (4, 6)]
3
[(3, 5), (0, 5), (0, 1), (1, 2), (1, 4), (4, 6)]
[(0, 2), (0, 4), (1, 6), (4, 5)]
[(4, 6), (3, 5), (4, 5), (0, 4), (1, 4), (1, 2)]
[1, 1, 0, 0, 1, 1]

13
[(0, 4), (0, 5), (0, 6), (1, 5), (1, 6), (2, 4), (2, 5), (2, 6), (3, 5), (3, 6)]
2
[(2, 4), (0, 4), (0, 5), (1, 5), (1, 6), (3, 6)]
[(0, 6), (2, 5), (2, 6), (3, 5)]
[(0, 6), (2, 4), (0, 4), (3, 6), (1, 6), (0, 5)]
[0, 1, 1, 1, 1, 1]

14
[(0, 1), (0, 2), (1, 3), (1, 4), (1, 5), (2, 4), (3, 4), (3, 5), (4, 5), (4, 6)]
6
[(4, 6), (1, 4), (0, 1), (0, 2), (1, 3), (3, 5)]
[(1, 5), (2, 4), (3, 4), (4, 5)]
[(2, 4), (1, 4), (1, 3), (3, 4), (0, 1), (1, 5)]
[0, 1, 1, 0, 1, 0]

15
[(0, 1), (0, 5), (1, 5), (1, 6), (2, 3), (2, 4), (2, 6), (3, 4), (3, 6), (4, 6)]
3
[(2, 3), (2, 4), (4, 6), (1, 6), (0, 1), (0, 5)]
[(1, 5), (2, 6), (3, 4), (3, 6)]
[(0, 5), (2, 6), (2, 3), (1, 6), (0, 1), (3, 6)]
[1, 0, 1, 1, 1, 0]

16
[(0, 3), (0, 4), (0, 6), (1, 2), (1, 3), (1, 4), (2, 4), (3, 5), (4, 5), (4, 6)]
6
[(0, 6), (0, 3), (1, 3), (1, 2), (2, 4), (4, 5)]
[(0, 4), (1, 4), (3, 5), (4, 6)]
[(1, 2), (1, 3), (3, 5), (0, 4), (4, 5), (1, 4)]
[1, 1, 0, 0, 1, 0]

17
[(0, 1), (0, 2), (0, 3), (0, 6), (2, 3), (2, 4), (2, 5), (3, 5), (3, 6), (4, 5), (4, 6)]
2
[(0, 2), (0, 1), (0, 3), (3, 5), (4, 5), (4, 6)]
[(0, 6), (2, 3), (2, 4), (2, 5), (3, 6)]
[(2, 3), (0, 2), (4, 5), (4, 6), (0, 6), (0, 3)]
[0, 1, 1, 1, 0, 1]

18
[(0, 4), (0, 6), (1, 3), (1, 4), (1, 5), (2, 5), (2, 6), (3, 4), (4, 6), (5, 6)]
1
[(1, 3), (3, 4), (0, 4), (0, 6), (2, 6), (2, 5)]
[(1, 4), (1, 5), (4, 6), (5, 6)]
[(1, 5), (5, 6), (0, 4), (4, 6), (1, 3), (2, 6)]
[0, 0, 1, 0, 1, 1]

19
[(0, 6), (1, 4), (1, 5), (1, 6), (2, 3), (2, 4), (2, 6), (3, 4), (3, 6), (4, 5)]
5
[(1, 5), (1, 4), (2, 4), (2, 3), (3, 6), (0, 6)]
[(1, 6), (2, 6), (3, 4), (4, 5)]
[(3, 4), (1, 6), (2, 4), (2, 6), (0, 6), (4, 5)]
[0, 0, 1, 0, 1, 0]

20
[(0, 2), (0, 3), (0, 4), (0, 5), (0, 6), (1, 2), (1, 4), (1, 5), (1, 6), (2, 6), (5, 6)]
3
[(0, 3), (0, 2), (1, 2), (1, 4), (1, 5), (5, 6)]
[(0, 4), (0, 5), (0, 6), (1, 6), (2, 6)]
[(1, 2), (2, 6), (0, 3), (5, 6), (0, 2), (1, 5)]
[1, 0, 1, 1, 1, 1]

21
[(0, 2), (0, 4), (0, 5), (1, 2), (1, 4), (1, 5), (2, 3), (3, 4), (3, 5), (3, 6)]
3
[(2, 3), (0, 2), (0, 4), (1, 4), (1, 5), (3, 6)]
[(0, 5), (1, 2), (3, 4), (3, 5)]
[(1, 2), (0, 2), (3, 5), (0, 4), (3, 6), (0, 5)]
[0, 1, 0, 1, 1, 0]

22
[(0, 1), (0, 3), (0, 6), (1, 2), (2, 4), (2, 5), (3, 5), (3, 6), (4, 5), (4, 6)]
3
[(0, 3), (0, 1), (1, 2), (2, 4), (4, 5), (4, 6)]
[(0, 6), (2, 5), (3, 5), (3, 6)]
[(3, 5), (2, 4), (1, 2), (2, 5), (0, 6), (3, 6)]
[0, 1, 1, 0, 0, 0]

23
[(0, 3), (0, 4), (1, 2), (1, 3), (2, 4), (3, 4), (3, 5), (3, 6), (4, 5)]
6
[(3, 6), (0, 3), (0, 4), (2, 4), (1, 2), (4, 5)]
[(1, 3), (3, 4), (3, 5)]
[(1, 2), (1, 3), (0, 4), (2, 4), (3, 4), (3, 5)]
[1, 0, 1, 1, 0, 0]

24
[(0, 1), (0, 4), (0, 5), (0, 6), (1, 3), (1, 4), (2, 4), (2, 6), (3, 4), (4, 6)]
2
[(2, 4), (0, 4), (0, 1), (1, 3), (0, 5), (0, 6)]
[(1, 4), (2, 6), (3, 4), (4, 6)]
[(0, 4), (1, 4), (0, 5), (2, 4), (4, 6), (0, 1)]
[1, 0, 1, 1, 0, 1]

25
[(0, 1), (0, 2), (1, 2), (1, 5), (2, 4), (2, 5), (2, 6), (3, 6), (4, 5), (5, 6)]
3
[(3, 6), (2, 6), (0, 2), (0, 1), (1, 5), (4, 5)]
[(1, 2), (2, 4), (2, 5), (5, 6)]
[(0, 2), (3, 6), (2, 6), (5, 6), (1, 5), (0, 1)]
[1, 1, 1, 0, 1, 1]

26
[(0, 4), (0, 5), (1, 2), (1, 3), (1, 5), (2, 4), (3, 4), (3, 6), (4, 6)]
6
[(3, 6), (1, 3), (1, 2), (2, 4), (0, 4), (0, 5)]
[(1, 5), (3, 4), (4, 6)]
[(2, 4), (0, 5), (0, 4), (3, 4), (1, 2), (1, 3)]
[1, 1, 1, 0, 1, 1]

27
[(0, 2), (0, 3), (0, 5), (1, 4), (1, 5), (1, 6), (2, 4), (3, 4), (3, 6), (4, 6)]
1
[(1, 4), (2, 4), (0, 2), (0, 3), (3, 6), (0, 5)]
[(1, 5), (1, 6), (3, 4), (4, 6)]
[(4, 6), (1, 5), (3, 4), (2, 4), (0, 3), (1, 6)]
[0, 0, 0, 1, 1, 0]

28
[(0, 1), (0, 5), (1, 2), (1, 3), (1, 4), (1, 5), (2, 3), (2, 6), (3, 5), (5, 6)]
1
[(0, 1), (0, 5), (3, 5), (2, 3), (2, 6), (1, 4)]
[(1, 2), (1, 3), (1, 5), (5, 6)]
[(1, 5), (3, 5), (1, 4), (0, 5), (2, 6), (0, 1)]
[0, 1, 1, 1, 1, 1]

29
[(0, 2), (0, 3), (0, 6), (1, 2), (1, 4), (2, 5), (2, 6), (3, 5), (4, 6), (5, 6)]
5
[(2, 5), (0, 2), (0, 3), (0, 6), (4, 6), (1, 4)]
[(1, 2), (2, 6), (3, 5), (5, 6)]
[(2, 5), (5, 6), (2, 6), (3, 5), (1, 2), (0, 2)]
[1, 0, 0, 0, 0, 1]

30
[(0, 5), (0, 6), (1, 2), (1, 3), (1, 4), (1, 5), (1, 6), (2, 3), (4, 5), (5, 6)]
2
[(1, 2), (1, 3), (1, 4), (4, 5), (0, 5), (0, 6)]
[(1, 5), (1, 6), (2, 3), (5, 6)]
[(1, 3), (0, 5), (1, 2), (1, 4), (1, 6), (0, 6)]
[1, 1, 1, 1, 0, 1]

31
[(0, 1), (0, 4), (0, 5), (1, 3), (1, 5), (1, 6), (2, 3), (2, 4), (2, 6), (3, 4)]
0
[(0, 1), (1, 3), (2, 3), (2, 4), (2, 6), (1, 5)]
[(0, 4), (0, 5), (1, 6), (3, 4)]
[(0, 1), (1, 5), (1, 3), (2, 6), (0, 5), (2, 4)]
[1, 1, 1, 1, 0, 1]

32
[(0, 1), (0, 2), (0, 3), (0, 4), (1, 3), (1, 4), (1, 5), (1, 6), (2, 4), (4, 6)]
2
[(0, 2), (0, 1), (1, 3), (1, 4), (4, 6), (1, 5)]
[(0, 3), (0, 4), (1, 6), (2, 4)]
[(1, 4), (0, 1), (1, 3), (1, 6), (4, 6), (1, 5)]
[1, 1, 1, 0, 1, 1]

33
[(0, 1), (0, 2), (0, 4), (0, 5), (2, 3), (3, 4), (3, 5), (3, 6), (4, 6)]
4
[(0, 4), (0, 1), (0, 2), (2, 3), (3, 5), (3, 6)]
[(0, 5), (3, 4), (4, 6)]
[(2, 3), (4, 6), (0, 1), (0, 4), (3, 5), (0, 2)]
[1, 0, 1, 1, 1, 1]

34
[(0, 1), (0, 3), (0, 4), (0, 5), (1, 3), (1, 4), (1, 5), (2, 4), (3, 5), (3, 6), (4, 5)]
6
[(3, 6), (0, 3), (0, 1), (1, 4), (2, 4), (4, 5)]
[(0, 4), (0, 5), (1, 3), (1, 5), (3, 5)]
[(1, 3), (4, 5), (3, 6), (0, 4), (3, 5), (0, 5)]
[0, 1, 1, 0, 0, 0]

35
[(0, 1), (0, 2), (0, 4), (0, 5), (1, 2), (1, 5), (2, 3), (2, 4), (2, 5), (4, 5), (5, 6)]
1
[(0, 1), (0, 2), (2, 3), (2, 4), (4, 5), (5, 6)]
[(0, 4), (0, 5), (1, 2), (1, 5), (2, 5)]
[(4, 5), (0, 2), (0, 1), (2, 3), (0, 5), (5, 6)]
[1, 1, 1, 1, 0, 1]

36
[(0, 1), (0, 4), (0, 5), (1, 3), (1, 4), (1, 6), (2, 5), (3, 5), (3, 6), (4, 5), (5, 6)]
6
[(1, 6), (0, 1), (0, 4), (4, 5), (2, 5), (3, 5)]
[(0, 5), (1, 3), (1, 4), (3, 6), (5, 6)]
[(5, 6), (1, 6), (1, 4), (0, 5), (2, 5), (1, 3)]
[0, 1, 0, 0, 1, 0]

37
[(0, 1), (0, 5), (0, 6), (1, 2), (1, 4), (1, 5), (2, 5), (3, 6), (4, 5)]
1
[(0, 1), (0, 5), (2, 5), (4, 5), (0, 6), (3, 6)]
[(1, 2), (1, 4), (1, 5)]
[(0, 1), (0, 6), (4, 5), (1, 2), (1, 5), (1, 4)]
[1, 1, 1, 0, 0, 0]

38
[(0, 1), (0, 2), (0, 3), (0, 4), (0, 5), (0, 6), (1, 3), (1, 4), (2, 4), (3, 4), (5, 6)]
4
[(0, 4), (0, 1), (1, 3), (0, 2), (0, 5), (5, 6)]
[(0, 3), (0, 6), (1, 4), (2, 4), (3, 4)]
[(0, 4), (1, 4), (0, 6), (5, 6), (0, 2), (2, 4)]
[1, 0, 0, 1, 1, 0]

39
[(0, 2), (0, 3), (0, 6), (1, 2), (1, 3), (1, 4), (1, 5), (2, 6), (3, 6), (5, 6)]
0
[(0, 2), (1, 2), (1, 3), (3, 6), (5, 6), (1, 4)]
[(0, 3), (0, 6), (1, 5), (2, 6)]
[(1, 3), (1, 2), (1, 5), (5, 6), (0, 2), (3, 6)]
[1, 1, 0, 1, 1, 1]

40
[(0, 1), (0, 4), (0, 5), (0, 6), (1, 5), (1, 6), (2, 3), (3, 4), (4, 5), (4, 6)]
3
[(2, 3), (3, 4), (0, 4), (0, 1), (1, 5), (1, 6)]
[(0, 5), (0, 6), (4, 5), (4, 6)]
[(4, 5), (1, 6), (2, 3), (0, 1), (1, 5), (0, 4)]
[0, 1, 1, 1, 1, 1]

41
[(0, 1), (0, 2), (0, 4), (0, 6), (1, 6), (2, 3), (2, 5), (4, 5), (4, 6)]
5
[(2, 5), (0, 2), (0, 1), (1, 6), (4, 6), (2, 3)]
[(0, 4), (0, 6), (4, 5)]
[(0, 4), (0, 1), (0, 2), (1, 6), (2, 5), (2, 3)]
[0, 1, 1, 1, 1, 1]

42
[(0, 2), (0, 4), (0, 5), (1, 6), (2, 3), (2, 6), (3, 6), (4, 6), (5, 6)]
5
[(0, 5), (0, 2), (2, 3), (3, 6), (1, 6), (4, 6)]
[(0, 4), (2, 6), (5, 6)]
[(4, 6), (1, 6), (2, 3), (2, 6), (5, 6), (0, 4)]
[1, 1, 1, 0, 0, 0]

43
[(0, 1), (0, 2), (0, 3), (0, 5), (1, 3), (2, 5), (2, 6), (3, 6), (4, 5), (5, 6)]
2
[(0, 2), (0, 1), (1, 3), (3, 6), (5, 6), (4, 5)]
[(0, 3), (0, 5), (2, 5), (2, 6)]
[(2, 5), (5, 6), (2, 6), (0, 5), (1, 3), (0, 2)]
[0, 1, 0, 0, 1, 1]

44
[(0, 1), (0, 5), (1, 3), (1, 6), (2, 4), (3, 4), (3, 5), (4, 5), (4, 6), (5, 6)]
5
[(0, 5), (0, 1), (1, 3), (3, 4), (2, 4), (4, 6)]
[(1, 6), (3, 5), (4, 5), (5, 6)]
[(0, 1), (3, 5), (3, 4), (5, 6), (4, 5), (1, 3)]
[1, 0, 1, 0, 0, 1]

45
[(0, 1), (0, 5), (0, 6), (1, 2), (1, 3), (1, 4), (1, 5), (1, 6), (3, 4), (3, 5), (4, 6)]
1
[(0, 1), (0, 5), (3, 5), (3, 4), (4, 6), (1, 2)]
[(0, 6), (1, 3), (1, 4), (1, 5), (1, 6)]
[(0, 5), (4, 6), (0, 6), (1, 3), (1, 2), (0, 1)]
[1, 1, 0, 0, 1, 1]

46
[(0, 3), (1, 2), (1, 3), (1, 4), (1, 6), (2, 3), (2, 6), (4, 5), (4, 6), (5, 6)]
3
[(0, 3), (1, 3), (1, 2), (2, 6), (4, 6), (4, 5)]
[(1, 4), (1, 6), (2, 3), (5, 6)]
[(1, 4), (2, 3), (5, 6), (4, 6), (1, 2), (1, 6)]
[0, 0, 0, 1, 1, 0]

47
[(0, 1), (0, 2), (0, 3), (0, 4), (1, 2), (1, 6), (2, 3), (2, 5), (4, 5)]
3
[(0, 3), (0, 1), (1, 2), (2, 5), (4, 5), (1, 6)]
[(0, 2), (0, 4), (2, 3)]
[(2, 3), (0, 1), (0, 2), (0, 4), (0, 3), (2, 5)]
[0, 1, 0, 0, 1, 1]

48
[(0, 1), (0, 2), (0, 3), (0, 4), (0, 5), (1, 4), (1, 5), (1, 6), (2, 6), (4, 5), (4, 6)]
3
[(0, 3), (0, 1), (1, 4), (4, 5), (4, 6), (2, 6)]
[(0, 2), (0, 4), (0, 5), (1, 5), (1, 6)]
[(0, 5), (1, 5), (4, 6), (4, 5), (0, 2), (1, 6)]
[0, 0, 1, 1, 0, 0]

49
[(0, 1), (0, 2), (0, 5), (0, 6), (1, 3), (2, 4), (3, 5), (3, 6), (5, 6)]
5
[(0, 5), (0, 1), (1, 3), (3, 6), (0, 2), (2, 4)]
[(0, 6), (3, 5), (5, 6)]
[(5, 6), (0, 1), (0, 5), (0, 2), (2, 4), (3, 6)]
[0, 1, 1, 1, 1, 1]

50
[(0, 2), (0, 4), (0, 6), (1, 3), (1, 4), (1, 5), (1, 6), (2, 3), (2, 6), (3, 6), (4, 6)]
3
[(1, 3), (1, 4), (0, 4), (0, 2), (2, 6), (1, 5)]
[(0, 6), (1, 6), (2, 3), (3, 6), (4, 6)]
[(2, 6), (1, 4), (4, 6), (0, 6), (1, 5), (3, 6)]
[1, 1, 0, 0, 1, 0]

51
[(0, 4), (0, 6), (1, 2), (1, 5), (1, 6), (2, 3), (2, 4), (2, 5), (3, 4)]
4
[(0, 4), (0, 6), (1, 6), (1, 2), (2, 3), (2, 5)]
[(1, 5), (2, 4), (3, 4)]
[(0, 4), (0, 6), (2, 4), (1, 2), (2, 3), (2, 5)]
[1, 1, 0, 1, 1, 1]

52
[(0, 1), (0, 3), (0, 6), (2, 4), (2, 5), (2, 6), (3, 6), (4, 5), (4, 6)]
4
[(2, 4), (2, 5), (2, 6), (0, 6), (0, 1), (0, 3)]
[(3, 6), (4, 5), (4, 6)]
[(4, 5), (2, 4), (4, 6), (0, 3), (3, 6), (2, 5)]
[0, 1, 0, 1, 0, 1]

53
[(0, 1), (0, 3), (0, 4), (0, 6), (1, 2), (1, 4), (2, 4), (3, 5), (3, 6), (5, 6)]
2
[(1, 2), (0, 1), (0, 3), (3, 5), (5, 6), (0, 4)]
[(0, 6), (1, 4), (2, 4), (3, 6)]
[(3, 5), (0, 3), (3, 6), (1, 2), (0, 4), (2, 4)]
[1, 1, 0, 1, 1, 0]

54
[(0, 2), (0, 5), (1, 2), (1, 4), (2, 3), (2, 4), (2, 5), (2, 6), (3, 5), (4, 5), (4, 6)]
3
[(2, 3), (0, 2), (0, 5), (4, 5), (1, 4), (4, 6)]
[(1, 2), (2, 4), (2, 5), (2, 6), (3, 5)]
[(0, 5), (3, 5), (2, 3), (1, 4), (1, 2), (4, 6)]
[1, 0, 1, 1, 0, 1]

55
[(0, 3), (0, 5), (0, 6), (1, 3), (1, 4), (2, 5), (2, 6), (4, 5), (4, 6), (5, 6)]
6
[(0, 6), (0, 3), (1, 3), (1, 4), (4, 5), (2, 5)]
[(0, 5), (2, 6), (4, 6), (5, 6)]
[(4, 6), (0, 3), (5, 6), (2, 6), (0, 5), (0, 6)]
[0, 1, 0, 0, 0, 1]

56
[(0, 3), (0, 4), (0, 6), (1, 3), (2, 4), (2, 5), (3, 5), (3, 6), (4, 6)]
5
[(2, 5), (2, 4), (0, 4), (0, 3), (1, 3), (3, 6)]
[(0, 6), (3, 5), (4, 6)]
[(3, 5), (2, 4), (4, 6), (1, 3), (0, 3), (0, 6)]
[0, 1, 0, 1, 1, 0]

57
[(0, 1), (0, 3), (0, 5), (1, 4), (1, 5), (2, 4), (2, 6), (3, 4), (3, 5)]
6
[(2, 6), (2, 4), (1, 4), (0, 1), (0, 3), (3, 5)]
[(0, 5), (1, 5), (3, 4)]
[(2, 4), (0, 1), (3, 4), (1, 4), (2, 6), (0, 5)]
[1, 1, 0, 1, 1, 0]

58
[(0, 3), (0, 4), (0, 5), (0, 6), (1, 3), (1, 6), (2, 3), (2, 4), (3, 6)]
4
[(0, 4), (0, 3), (1, 3), (1, 6), (2, 3), (0, 5)]
[(0, 6), (2, 4), (3, 6)]
[(3, 6), (2, 3), (0, 3), (1, 6), (2, 4), (0, 6)]
[0, 1, 1, 1, 0, 0]

59
[(0, 1), (0, 2), (0, 3), (0, 5), (1, 3), (1, 4), (1, 5), (1, 6), (3, 4), (3, 5), (3, 6)]
6
[(1, 6), (0, 1), (0, 2), (0, 3), (3, 4), (3, 5)]
[(0, 5), (1, 3), (1, 4), (1, 5), (3, 6)]
[(1, 3), (1, 5), (3, 5), (0, 1), (1, 4), (0, 2)]
[0, 0, 1, 1, 0, 1]

60
[(0, 2), (0, 5), (1, 2), (1, 6), (2, 3), (2, 4), (2, 6), (3, 6), (4, 5), (4, 6), (5, 6)]
6
[(1, 6), (1, 2), (0, 2), (0, 5), (4, 5), (2, 3)]
[(2, 4), (2, 6), (3, 6), (4, 6), (5, 6)]
[(0, 5), (2, 3), (3, 6), (5, 6), (4, 6), (2, 6)]
[1, 1, 0, 0, 0, 0]

61
[(0, 1), (0, 2), (0, 3), (1, 2), (1, 6), (2, 3), (2, 4), (2, 6), (3, 6), (4, 5)]
4
[(2, 4), (0, 2), (0, 1), (1, 6), (3, 6), (4, 5)]
[(0, 3), (1, 2), (2, 3), (2, 6)]
[(4, 5), (3, 6), (0, 1), (1, 6), (2, 4), (2, 3)]
[1, 1, 1, 1, 1, 0]

62
[(0, 2), (0, 6), (1, 3), (1, 4), (2, 3), (2, 4), (3, 5), (3, 6), (5, 6)]
5
[(3, 5), (1, 3), (1, 4), (2, 4), (0, 2), (0, 6)]
[(2, 3), (3, 6), (5, 6)]
[(3, 5), (5, 6), (0, 2), (1, 4), (2, 3), (3, 6)]
[1, 0, 1, 1, 0, 0]

63
[(0, 3), (1, 2), (1, 4), (1, 5), (1, 6), (2, 3), (2, 5), (2, 6), (3, 4), (3, 5), (4, 5)]
1
[(1, 2), (2, 3), (0, 3), (3, 4), (4, 5), (2, 6)]
[(1, 4), (1, 5), (1, 6), (2, 5), (3, 5)]
[(1, 5), (2, 6), (3, 5), (2, 3), (1, 2), (3, 4)]
[0, 1, 0, 1, 1, 1]

64
[(0, 1), (0, 2), (0, 6), (1, 5), (1, 6), (2, 6), (3, 6), (4, 5), (4, 6)]
0
[(0, 1), (1, 5), (4, 5), (4, 6), (2, 6), (3, 6)]
[(0, 2), (0, 6), (1, 6)]
[(4, 5), (1, 6), (0, 2), (4, 6), (1, 5), (3, 6)]
[1, 0, 0, 1, 1, 1]

65
[(0, 1), (0, 5), (1, 3), (1, 4), (1, 5), (2, 4), (2, 5), (3, 4), (3, 5), (4, 6)]
0
[(0, 1), (1, 3), (3, 4), (2, 4), (2, 5), (4, 6)]
[(0, 5), (1, 4), (1, 5), (3, 5)]
[(2, 4), (1, 5), (2, 5), (4, 6), (0, 1), (1, 3)]
[1, 0, 1, 1, 1, 1]

66
[(0, 3), (0, 4), (1, 2), (1, 6), (2, 3), (2, 4), (2, 5), (3, 4), (3, 6), (5, 6)]
3
[(0, 3), (0, 4), (2, 4), (1, 2), (1, 6), (5, 6)]
[(2, 3), (2, 5), (3, 4), (3, 6)]
[(2, 4), (1, 6), (2, 5), (5, 6), (1, 2), (0, 3)]
[1, 1, 0, 1, 1, 1]

67
[(0, 1), (0, 2), (0, 3), (0, 4), (0, 5), (0, 6), (1, 3), (2, 5), (2, 6), (3, 6)]
3
[(0, 3), (0, 1), (0, 2), (2, 5), (2, 6), (0, 4)]
[(0, 5), (0, 6), (1, 3), (3, 6)]
[(0, 6), (0, 2), (0, 1), (2, 5), (1, 3), (0, 3)]
[0, 1, 1, 1, 0, 1]

68
[(0, 1), (0, 5), (1, 2), (1, 4), (1, 6), (2, 3), (2, 5), (4, 5), (4, 6), (5, 6)]
3
[(2, 3), (1, 2), (0, 1), (0, 5), (4, 5), (4, 6)]
[(1, 4), (1, 6), (2, 5), (5, 6)]
[(2, 3), (1, 4), (4, 5), (5, 6), (2, 5), (1, 6)]
[1, 0, 1, 0, 0, 0]

69
[(0, 1), (0, 3), (0, 6), (2, 4), (2, 5), (2, 6), (3, 4), (3, 5), (3, 6), (4, 5), (4, 6)]
6
[(0, 6), (0, 1), (0, 3), (3, 4), (2, 4), (2, 5)]
[(2, 6), (3, 5), (3, 6), (4, 5), (4, 6)]
[(3, 4), (4, 5), (0, 1), (4, 6), (0, 6), (0, 3)]
[1, 0, 1, 0, 1, 1]

70
[(0, 3), (0, 5), (0, 6), (1, 2), (1, 3), (1, 5), (2, 4), (3, 5), (4, 6), (5, 6)]
3
[(0, 3), (0, 5), (1, 5), (1, 2), (2, 4), (4, 6)]
[(0, 6), (1, 3), (3, 5), (5, 6)]
[(3, 5), (1, 3), (2, 4), (5, 6), (0, 3), (1, 2)]
[0, 0, 1, 0, 1, 1]

71
[(0, 1), (0, 2), (0, 4), (0, 5), (0, 6), (1, 3), (1, 6), (2, 3), (3, 5), (3, 6)]
4
[(0, 4), (0, 1), (1, 3), (2, 3), (3, 5), (3, 6)]
[(0, 2), (0, 5), (0, 6), (1, 6)]
[(3, 5), (1, 3), (0, 2), (3, 6), (2, 3), (0, 4)]
[1, 1, 0, 1, 1, 1]

72
[(0, 2), (0, 3), (0, 4), (1, 3), (1, 4), (2, 5), (2, 6), (3, 5), (3, 6), (4, 5)]
6
[(2, 6), (0, 2), (0, 3), (1, 3), (1, 4), (4, 5)]
[(0, 4), (2, 5), (3, 5), (3, 6)]
[(3, 5), (0, 3), (1, 4), (0, 2), (3, 6), (1, 3)]
[0, 1, 1, 1, 0, 1]

73
[(0, 5), (1, 2), (1, 3), (1, 4), (1, 5), (2, 3), (2, 5), (3, 6), (4, 6)]
3
[(1, 3), (1, 2), (2, 5), (0, 5), (1, 4), (4, 6)]
[(1, 5), (2, 3), (3, 6)]
[(1, 2), (2, 5), (0, 5), (1, 4), (1, 5), (3, 6)]
[1, 1, 1, 1, 0, 0]

74
[(0, 2), (0, 3), (0, 4), (0, 6), (1, 4), (2, 3), (2, 4), (2, 6), (3, 5), (4, 5), (5, 6)]
2
[(0, 2), (0, 3), (3, 5), (4, 5), (1, 4), (5, 6)]
[(0, 4), (0, 6), (2, 3), (2, 4), (2, 6)]
[(0, 4), (5, 6), (3, 5), (0, 6), (0, 2), (0, 3)]
[0, 1, 1, 0, 1, 1]

75
[(0, 3), (1, 2), (1, 4), (1, 5), (2, 4), (2, 5), (2, 6), (3, 5), (4, 6)]
6
[(2, 6), (1, 2), (1, 4), (1, 5), (3, 5), (0, 3)]
[(2, 4), (2, 5), (4, 6)]
[(3, 5), (2, 4), (2, 6), (0, 3), (2, 5), (4, 6)]
[1, 0, 1, 1, 0, 0]

76
[(0, 3), (0, 5), (1, 3), (1, 4), (1, 6), (2, 3), (2, 5), (3, 4), (3, 5), (3, 6)]
1
[(1, 3), (0, 3), (0, 5), (2, 5), (3, 4), (3, 6)]
[(1, 4), (1, 6), (2, 3), (3, 5)]
[(3, 6), (3, 4), (2, 3), (2, 5), (1, 4), (1, 3)]
[1, 1, 0, 1, 0, 1]

77
[(0, 2), (0, 3), (0, 4), (0, 6), (1, 3), (1, 4), (2, 4), (2, 6), (3, 5), (5, 6)]
5
[(3, 5), (0, 3), (0, 2), (2, 4), (1, 4), (2, 6)]
[(0, 4), (0, 6), (1, 3), (5, 6)]
[(1, 3), (0, 3), (3, 5), (0, 6), (2, 6), (1, 4)]
[0, 1, 1, 0, 1, 1]

78
[(0, 4), (0, 5), (1, 4), (1, 6), (2, 4), (2, 5), (3, 4), (4, 5), (4, 6)]
1
[(1, 4), (0, 4), (0, 5), (2, 5), (3, 4), (4, 6)]
[(1, 6), (2, 4), (4, 5)]
[(2, 5), (2, 4), (0, 4), (1, 4), (4, 6), (3, 4)]
[1, 0, 1, 1, 1, 1]

79
[(0, 1), (0, 2), (0, 3), (0, 4), (1, 2), (1, 3), (1, 4), (2, 4), (3, 4), (4, 5), (4, 6)]
2
[(0, 2), (0, 1), (1, 3), (3, 4), (4, 5), (4, 6)]
[(0, 3), (0, 4), (1, 2), (1, 4), (2, 4)]
[(3, 4), (1, 4), (0, 3), (2, 4), (0, 4), (0, 1)]
[1, 0, 0, 0, 0, 1]

80
[(0, 1), (0, 2), (0, 5), (1, 3), (1, 5), (1, 6), (2, 4), (3, 6), (4, 6), (5, 6)]
6
[(1, 6), (0, 1), (0, 2), (2, 4), (0, 5), (1, 3)]
[(1, 5), (3, 6), (4, 6), (5, 6)]
[(0, 5), (0, 1), (0, 2), (1, 6), (2, 4), (5, 6)]
[1, 1, 1, 1, 1, 0]

81
[(0, 1), (0, 5), (1, 3), (2, 4), (2, 5), (2, 6), (3, 6), (4, 5), (4, 6), (5, 6)]
5
[(0, 5), (0, 1), (1, 3), (3, 6), (2, 6), (2, 4)]
[(2, 5), (4, 5), (4, 6), (5, 6)]
[(3, 6), (2, 6), (2, 5), (2, 4), (0, 1), (0, 5)]
[1, 1, 0, 1, 1, 1]

82
[(0, 3), (0, 6), (1, 2), (1, 4), (1, 5), (2, 3), (2, 4), (3, 5), (3, 6)]
2
[(1, 2), (1, 4), (1, 5), (3, 5), (0, 3), (0, 6)]
[(2, 3), (2, 4), (3, 6)]
[(1, 5), (1, 2), (1, 4), (2, 3), (2, 4), (3, 6)]
[1, 1, 1, 0, 0, 0]

83
[(0, 1), (0, 4), (1, 6), (2, 3), (3, 4), (3, 5), (3, 6), (4, 5), (4, 6)]
2
[(2, 3), (3, 4), (0, 4), (0, 1), (1, 6), (4, 5)]
[(3, 5), (3, 6), (4, 6)]
[(4, 5), (2, 3), (3, 4), (4, 6), (1, 6), (0, 1)]
[1, 1, 1, 0, 1, 1]

84
[(0, 1), (0, 6), (1, 3), (1, 4), (1, 6), (2, 4), (2, 5), (2, 6), (3, 6), (4, 5)]
4
[(1, 4), (0, 1), (0, 6), (2, 6), (2, 5), (3, 6)]
[(1, 3), (1, 6), (2, 4), (4, 5)]
[(2, 4), (1, 3), (2, 6), (0, 1), (1, 4), (3, 6)]
[0, 0, 1, 1, 1, 1]

85
[(0, 3), (0, 4), (0, 5), (1, 3), (1, 4), (1, 5), (2, 3), (2, 5), (2, 6), (3, 4), (4, 5)]
4
[(0, 4), (0, 3), (1, 3), (1, 5), (2, 5), (2, 6)]
[(0, 5), (1, 4), (2, 3), (3, 4), (4, 5)]
[(4, 5), (2, 6), (0, 5), (1, 4), (1, 5), (0, 4)]
[0, 1, 0, 0, 1, 1]

86
[(0, 1), (0, 2), (0, 3), (0, 6), (1, 4), (1, 5), (2, 6), (3, 4), (3, 5), (4, 5)]
4
[(1, 4), (0, 1), (0, 2), (2, 6), (0, 3), (3, 5)]
[(0, 6), (1, 5), (3, 4), (4, 5)]
[(3, 4), (1, 5), (0, 3), (4, 5), (3, 5), (0, 6)]
[0, 0, 1, 0, 1, 0]

87
[(0, 3), (0, 4), (0, 5), (0, 6), (1, 3), (1, 5), (1, 6), (2, 5), (3, 4), (3, 5), (5, 6)]
6
[(0, 6), (0, 3), (1, 3), (1, 5), (2, 5), (3, 4)]
[(0, 4), (0, 5), (1, 6), (3, 5), (5, 6)]
[(1, 3), (3, 4), (1, 6), (2, 5), (0, 6), (1, 5)]
[1, 1, 0, 1, 1, 1]

88
[(0, 1), (0, 4), (1, 3), (1, 6), (2, 3), (2, 4), (2, 5), (2, 6), (3, 4)]
4
[(0, 4), (0, 1), (1, 3), (2, 3), (2, 5), (2, 6)]
[(1, 6), (2, 4), (3, 4)]
[(2, 4), (0, 4), (1, 3), (3, 4), (1, 6), (0, 1)]
[0, 1, 1, 0, 0, 1]

89
[(0, 2), (0, 3), (0, 4), (0, 5), (1, 3), (1, 4), (2, 3), (2, 4), (2, 5), (3, 4), (5, 6)]
6
[(5, 6), (0, 5), (0, 2), (2, 3), (1, 3), (1, 4)]
[(0, 3), (0, 4), (2, 4), (2, 5), (3, 4)]
[(0, 5), (1, 3), (5, 6), (2, 3), (1, 4), (0, 3)]
[1, 1, 1, 1, 1, 0]

90
[(0, 1), (0, 2), (1, 3), (1, 6), (2, 3), (2, 6), (3, 4), (3, 5), (5, 6)]
3
[(1, 3), (0, 1), (0, 2), (2, 6), (5, 6), (3, 4)]
[(1, 6), (2, 3), (3, 5)]
[(2, 3), (0, 1), (2, 6), (3, 5), (1, 6), (3, 4)]
[0, 1, 1, 0, 0, 1]

91
[(0, 2), (0, 5), (0, 6), (1, 3), (1, 6), (2, 3), (2, 4), (2, 6), (4, 5)]
5
[(0, 5), (0, 2), (2, 3), (1, 3), (1, 6), (2, 4)]
[(0, 6), (2, 6), (4, 5)]
[(1, 6), (0, 2), (1, 3), (0, 6), (2, 6), (4, 5)]
[1, 1, 1, 0, 0, 0]

92
[(0, 1), (0, 4), (1, 3), (1, 4), (1, 5), (2, 3), (2, 5), (2, 6), (3, 5)]
5
[(1, 5), (0, 1), (0, 4), (1, 3), (2, 3), (2, 6)]
[(1, 4), (2, 5), (3, 5)]
[(0, 4), (1, 3), (0, 1), (1, 5), (2, 5), (2, 6)]
[1, 1, 1, 1, 0, 1]

93
[(0, 2), (0, 4), (0, 5), (1, 3), (1, 4), (1, 5), (3, 6), (4, 5), (4, 6), (5, 6)]
3
[(1, 3), (1, 4), (0, 4), (0, 2), (0, 5), (5, 6)]
[(1, 5), (3, 6), (4, 5), (4, 6)]
[(0, 2), (1, 3), (4, 5), (1, 4), (5, 6), (0, 4)]
[1, 1, 0, 1, 1, 1]

94
[(0, 3), (0, 5), (1, 2), (1, 4), (1, 5), (2, 6), (3, 4), (3, 6), (5, 6)]
3
[(0, 3), (0, 5), (1, 5), (1, 2), (2, 6), (1, 4)]
[(3, 4), (3, 6), (5, 6)]
[(0, 5), (1, 5), (1, 4), (1, 2), (5, 6), (3, 6)]
[1, 1, 1, 1, 0, 0]

95
[(0, 2), (0, 6), (1, 2), (1, 5), (1, 6), (2, 4), (2, 6), (3, 4), (3, 6), (4, 5)]
3
[(3, 4), (2, 4), (0, 2), (0, 6), (1, 6), (1, 5)]
[(1, 2), (2, 6), (3, 6), (4, 5)]
[(0, 6), (2, 6), (0, 2), (1, 5), (1, 2), (3, 4)]
[1, 0, 1, 1, 0, 1]

96
[(0, 1), (0, 2), (0, 4), (0, 6), (1, 2), (1, 6), (2, 4), (2, 5), (2, 6), (3, 4), (4, 5)]
3
[(3, 4), (0, 4), (0, 1), (1, 2), (2, 5), (2, 6)]
[(0, 2), (0, 6), (1, 6), (2, 4), (4, 5)]
[(3, 4), (0, 4), (0, 2), (0, 1), (2, 5), (1, 2)]
[1, 1, 0, 1, 1, 1]

97
[(0, 2), (0, 5), (0, 6), (1, 4), (2, 6), (3, 4), (3, 6), (4, 5), (4, 6), (5, 6)]
1
[(1, 4), (3, 4), (3, 6), (0, 6), (0, 2), (0, 5)]
[(2, 6), (4, 5), (4, 6), (5, 6)]
[(4, 5), (4, 6), (2, 6), (1, 4), (0, 5), (3, 4)]
[0, 0, 0, 1, 1, 1]

98
[(0, 2), (0, 4), (0, 5), (0, 6), (1, 6), (2, 6), (3, 4), (3, 6), (4, 6), (5, 6)]
4
[(0, 4), (0, 2), (2, 6), (1, 6), (3, 6), (5, 6)]
[(0, 5), (0, 6), (3, 4), (4, 6)]
[(2, 6), (4, 6), (0, 6), (1, 6), (0, 5), (0, 2)]
[1, 0, 0, 1, 0, 1]

99
[(0, 4), (0, 5), (1, 5), (1, 6), (2, 3), (2, 4), (2, 5), (2, 6), (3, 4), (4, 5)]
3
[(2, 3), (2, 4), (0, 4), (0, 5), (1, 5), (1, 6)]
[(2, 5), (2, 6), (3, 4), (4, 5)]
[(0, 4), (2, 4), (0, 5), (2, 6), (1, 6), (2, 3)]
[1, 1, 1, 0, 1, 1]

100
[(0, 2), (0, 3), (0, 5), (0, 6), (1, 2), (1, 5), (1, 6), (2, 3), (3, 4), (4, 6)]
5
[(0, 5), (0, 2), (1, 2), (1, 6), (4, 6), (3, 4)]
[(0, 3), (0, 6), (1, 5), (2, 3)]
[(1, 2), (0, 6), (1, 6), (0, 3), (0, 5), (0, 2)]
[1, 0, 1, 0, 1, 1]

101
[(0, 1), (0, 2), (0, 4), (0, 5), (0, 6), (1, 5), (1, 6), (2, 6), (3, 5), (3, 6), (5, 6)]
0
[(0, 1), (1, 5), (3, 5), (3, 6), (2, 6), (0, 4)]
[(0, 2), (0, 5), (0, 6), (1, 6), (5, 6)]
[(0, 5), (1, 6), (0, 1), (0, 2), (5, 6), (1, 5)]
[0, 0, 1, 0, 0, 1]

102
[(0, 2), (0, 3), (0, 4), (0, 5), (0, 6), (1, 5), (1, 6), (2, 3), (3, 5), (3, 6), (5, 6)]
4
[(0, 4), (0, 2), (2, 3), (3, 5), (1, 5), (1, 6)]
[(0, 3), (0, 5), (0, 6), (3, 6), (5, 6)]
[(5, 6), (0, 3), (3, 5), (0, 5), (0, 6), (0, 2)]
[0, 0, 1, 0, 0, 1]

103
[(0, 2), (0, 4), (0, 5), (1, 2), (1, 3), (1, 4), (1, 5), (2, 5), (2, 6), (4, 5), (5, 6)]
4
[(0, 4), (0, 2), (1, 2), (1, 3), (1, 5), (5, 6)]
[(0, 5), (1, 4), (2, 5), (2, 6), (4, 5)]
[(1, 3), (1, 2), (5, 6), (0, 4), (1, 5), (1, 4)]
[1, 1, 1, 1, 1, 0]

104
[(0, 1), (0, 3), (0, 6), (1, 2), (1, 3), (1, 5), (1, 6), (2, 6), (3, 5), (4, 6), (5, 6)]
5
[(1, 5), (0, 1), (0, 3), (0, 6), (2, 6), (4, 6)]
[(1, 2), (1, 3), (1, 6), (3, 5), (5, 6)]
[(0, 1), (1, 3), (3, 5), (1, 2), (0, 3), (4, 6)]
[1, 0, 0, 0, 1, 1]

105
[(0, 3), (0, 4), (0, 5), (1, 5), (2, 3), (2, 5), (2, 6), (3, 6), (4, 5)]
2
[(2, 3), (0, 3), (0, 4), (4, 5), (1, 5), (3, 6)]
[(0, 5), (2, 5), (2, 6)]
[(1, 5), (2, 6), (4, 5), (3, 6), (2, 5), (0, 5)]
[1, 0, 1, 1, 0, 0]

106
[(0, 2), (0, 5), (1, 4), (1, 5), (1, 6), (2, 5), (3, 5), (4, 5), (4, 6), (5, 6)]
1
[(1, 4), (4, 5), (0, 5), (0, 2), (3, 5), (5, 6)]
[(1, 5), (1, 6), (2, 5), (4, 6)]
[(3, 5), (4, 5), (1, 4), (1, 5), (2, 5), (4, 6)]
[1, 1, 1, 0, 0, 0]

107
[(0, 3), (1, 2), (1, 3), (1, 4), (1, 6), (2, 3), (2, 4), (2, 6), (3, 4), (3, 5), (4, 6)]
4
[(1, 4), (1, 2), (2, 3), (0, 3), (3, 5), (2, 6)]
[(1, 3), (1, 6), (2, 4), (3, 4), (4, 6)]
[(4, 6), (3, 4), (2, 6), (3, 5), (1, 4), (0, 3)]
[0, 0, 1, 1, 1, 1]

108
[(0, 1), (0, 2), (0, 3), (0, 4), (0, 5), (0, 6), (1, 5), (2, 4), (2, 5), (4, 5), (4, 6)]
4
[(0, 4), (0, 1), (1, 5), (2, 5), (0, 3), (0, 6)]
[(0, 2), (0, 5), (2, 4), (4, 5), (4, 6)]
[(4, 5), (0, 5), (0, 6), (0, 2), (0, 1), (2, 4)]
[0, 0, 1, 0, 1, 0]

109
[(0, 2), (0, 3), (0, 4), (0, 5), (0, 6), (1, 2), (1, 3), (1, 4), (1, 5), (1, 6)]
4
[(0, 4), (0, 2), (1, 2), (1, 3), (1, 5), (1, 6)]
[(0, 3), (0, 5), (0, 6), (1, 4)]
[(1, 5), (0, 4), (0, 3), (1, 3), (1, 2), (0, 2)]
[1, 1, 0, 1, 1, 1]

110
[(0, 3), (0, 4), (1, 2), (1, 3), (2, 3), (2, 4), (2, 6), (3, 4), (3, 6), (4, 5)]
1
[(1, 2), (2, 3), (0, 3), (0, 4), (4, 5), (3, 6)]
[(1, 3), (2, 4), (2, 6), (3, 4)]
[(4, 5), (1, 3), (3, 4), (2, 3), (0, 3), (2, 6)]
[1, 0, 0, 1, 1, 0]

111
[(0, 1), (0, 6), (1, 2), (1, 5), (1, 6), (2, 3), (2, 4), (2, 5), (3, 5), (4, 5)]
0
[(0, 1), (1, 2), (2, 3), (3, 5), (4, 5), (1, 6)]
[(0, 6), (1, 5), (2, 4), (2, 5)]
[(0, 6), (4, 5), (0, 1), (3, 5), (2, 3), (1, 2)]
[0, 1, 1, 1, 1, 1]

112
[(0, 3), (0, 4), (0, 5), (1, 2), (2, 3), (2, 4), (2, 5), (2, 6), (3, 4), (3, 5)]
3
[(0, 3), (0, 4), (2, 4), (1, 2), (2, 5), (2, 6)]
[(0, 5), (2, 3), (3, 4), (3, 5)]
[(0, 3), (0, 5), (1, 2), (2, 6), (2, 4), (0, 4)]
[1, 0, 1, 1, 1, 1]

113
[(0, 3), (0, 4), (1, 4), (2, 3), (2, 4), (3, 5), (3, 6), (4, 5), (4, 6)]
3
[(0, 3), (0, 4), (1, 4), (2, 4), (4, 5), (4, 6)]
[(2, 3), (3, 5), (3, 6)]
[(4, 6), (0, 4), (3, 5), (1, 4), (4, 5), (3, 6)]
[1, 1, 0, 1, 1, 0]

114
[(0, 1), (0, 2), (0, 6), (1, 3), (1, 6), (2, 4), (2, 5), (3, 4), (3, 6), (4, 6)]
0
[(0, 1), (1, 3), (3, 4), (2, 4), (2, 5), (4, 6)]
[(0, 2), (0, 6), (1, 6), (3, 6)]
[(2, 5), (3, 6), (1, 6), (2, 4), (4, 6), (0, 1)]
[1, 0, 0, 1, 1, 1]

115
[(0, 1), (0, 5), (1, 4), (1, 5), (2, 3), (2, 4), (2, 6), (3, 5), (3, 6), (4, 6)]
3
[(2, 3), (2, 4), (1, 4), (0, 1), (0, 5), (4, 6)]
[(1, 5), (2, 6), (3, 5), (3, 6)]
[(3, 6), (2, 4), (1, 5), (3, 5), (0, 1), (0, 5)]
[0, 1, 0, 0, 1, 1]

116
[(0, 1), (0, 3), (0, 6), (1, 2), (1, 4), (1, 6), (2, 3), (2, 6), (3, 4), (3, 5), (4, 6)]
3
[(0, 3), (0, 1), (1, 2), (2, 6), (4, 6), (3, 5)]
[(0, 6), (1, 4), (1, 6), (2, 3), (3, 4)]
[(0, 1), (3, 4), (4, 6), (0, 6), (2, 3), (0, 3)]
[1, 0, 1, 0, 0, 1]

117
[(0, 1), (0, 3), (0, 4), (1, 4), (1, 5), (1, 6), (2, 4), (3, 4), (3, 5), (3, 6), (4, 5)]
1
[(0, 1), (0, 3), (3, 4), (2, 4), (4, 5), (3, 6)]
[(0, 4), (1, 4), (1, 5), (1, 6), (3, 5)]
[(4, 5), (3, 5), (0, 4), (3, 6), (1, 6), (1, 4)]
[1, 0, 0, 1, 0, 0]

118
[(0, 1), (0, 3), (0, 4), (0, 5), (1, 4), (1, 6), (2, 3), (3, 5), (3, 6), (4, 6), (5, 6)]
0
[(0, 1), (1, 4), (4, 6), (3, 6), (2, 3), (3, 5)]
[(0, 3), (0, 4), (0, 5), (1, 6), (5, 6)]
[(0, 3), (5, 6), (1, 4), (2, 3), (0, 4), (0, 5)]
[0, 0, 1, 1, 0, 0]

119
[(0, 1), (0, 2), (0, 3), (0, 4), (0, 5), (1, 2), (1, 6), (2, 3), (2, 5), (4, 6)]
2
[(0, 2), (0, 1), (1, 6), (4, 6), (0, 3), (0, 5)]
[(0, 4), (1, 2), (2, 3), (2, 5)]
[(0, 4), (2, 3), (0, 3), (0, 5), (1, 2), (2, 5)]
[0, 0, 1, 1, 0, 0]

120
[(0, 1), (0, 3), (0, 5), (1, 2), (1, 3), (1, 5), (1, 6), (2, 4), (3, 5), (4, 6)]
3
[(0, 3), (0, 1), (1, 2), (2, 4), (4, 6), (1, 5)]
[(0, 5), (1, 3), (1, 6), (3, 5)]
[(0, 1), (1, 3), (3, 5), (1, 6), (1, 2), (4, 6)]
[1, 0, 0, 0, 1, 1]

121
[(0, 1), (0, 4), (0, 6), (1, 2), (1, 3), (1, 5), (2, 4), (3, 6), (4, 6), (5, 6)]
1
[(0, 1), (0, 4), (2, 4), (4, 6), (3, 6), (5, 6)]
[(0, 6), (1, 2), (1, 3), (1, 5)]
[(4, 6), (5, 6), (2, 4), (0, 1), (0, 4), (0, 6)]
[1, 1, 1, 1, 1, 0]

122
[(0, 1), (0, 2), (0, 3), (0, 5), (0, 6), (1, 5), (2, 6), (3, 6), (4, 5), (4, 6)]
1
[(0, 1), (0, 2), (2, 6), (3, 6), (4, 6), (4, 5)]
[(0, 3), (0, 5), (0, 6), (1, 5)]
[(0, 3), (0, 6), (4, 6), (4, 5), (0, 5), (1, 5)]
[0, 0, 1, 1, 0, 0]

123
[(0, 1), (0, 2), (0, 4), (0, 5), (1, 3), (1, 6), (2, 3), (2, 5), (3, 5), (3, 6), (5, 6)]
5
[(0, 5), (0, 1), (1, 3), (2, 3), (3, 6), (0, 4)]
[(0, 2), (1, 6), (2, 5), (3, 5), (5, 6)]
[(1, 3), (2, 3), (0, 1), (0, 4), (5, 6), (0, 5)]
[1, 1, 1, 1, 0, 1]

124
[(0, 1), (0, 3), (0, 5), (1, 4), (2, 5), (2, 6), (3, 4), (3, 5), (4, 5), (5, 6)]
4
[(1, 4), (0, 1), (0, 3), (3, 5), (2, 5), (2, 6)]
[(0, 5), (3, 4), (4, 5), (5, 6)]
[(0, 3), (5, 6), (2, 5), (0, 1), (4, 5), (3, 4)]
[1, 0, 1, 1, 0, 0]

125
[(0, 1), (0, 4), (0, 6), (1, 3), (1, 5), (2, 3), (2, 6), (3, 4), (4, 6)]
4
[(0, 4), (0, 1), (1, 3), (2, 3), (2, 6), (1, 5)]
[(0, 6), (3, 4), (4, 6)]
[(3, 4), (0, 4), (2, 6), (0, 1), (1, 5), (1, 3)]
[0, 1, 1, 1, 1, 1]

126
[(0, 3), (0, 5), (1, 5), (2, 5), (3, 4), (3, 5), (3, 6), (4, 5), (4, 6), (5, 6)]
1
[(1, 5), (0, 5), (0, 3), (3, 4), (4, 6), (2, 5)]
[(3, 5), (3, 6), (4, 5), (5, 6)]
[(2, 5), (3, 5), (0, 3), (4, 6), (1, 5), (3, 4)]
[1, 0, 1, 1, 1, 1]

127
[(0, 1), (0, 4), (1, 6), (2, 4), (2, 6), (3, 4), (3, 6), (4, 5), (5, 6)]
6
[(1, 6), (0, 1), (0, 4), (2, 4), (3, 4), (4, 5)]
[(2, 6), (3, 6), (5, 6)]
[(1, 6), (4, 5), (0, 4), (0, 1), (3, 4), (3, 6)]
[1, 1, 1, 1, 1, 0]

128
[(0, 2), (0, 3), (0, 5), (1, 3), (1, 4), (2, 5), (2, 6), (4, 5), (5, 6)]
5
[(0, 5), (0, 2), (2, 6), (0, 3), (1, 3), (1, 4)]
[(2, 5), (4, 5), (5, 6)]
[(0, 3), (1, 3), (2, 5), (4, 5), (5, 6), (0, 2)]
[1, 1, 0, 0, 0, 1]

129
[(0, 2), (0, 3), (0, 4), (0, 5), (0, 6), (1, 4), (1, 6), (2, 6), (3, 5), (4, 6), (5, 6)]
0
[(0, 2), (2, 6), (1, 6), (1, 4), (5, 6), (3, 5)]
[(0, 3), (0, 4), (0, 5), (0, 6), (4, 6)]
[(0, 2), (3, 5), (0, 3), (5, 6), (0, 4), (0, 5)]
[1, 1, 0, 1, 0, 0]

130
[(0, 1), (0, 3), (0, 4), (0, 5), (0, 6), (1, 3), (1, 6), (2, 3), (4, 6), (5, 6)]
4
[(0, 4), (0, 1), (1, 3), (2, 3), (1, 6), (5, 6)]
[(0, 3), (0, 5), (0, 6), (4, 6)]
[(4, 6), (1, 3), (0, 6), (0, 4), (0, 3), (0, 1)]
[0, 1, 0, 1, 0, 1]

131
[(0, 1), (0, 2), (1, 3), (1, 4), (1, 5), (2, 3), (2, 5), (2, 6), (3, 4), (5, 6)]
0
[(0, 1), (1, 3), (2, 3), (2, 5), (5, 6), (3, 4)]
[(0, 2), (1, 4), (1, 5), (2, 6)]
[(1, 3), (3, 4), (2, 3), (0, 1), (2, 5), (1, 4)]
[1, 1, 1, 1, 1, 0]

132
[(0, 1), (0, 3), (1, 5), (1, 6), (2, 3), (2, 5), (2, 6), (4, 5), (5, 6)]
4
[(4, 5), (1, 5), (0, 1), (0, 3), (2, 3), (2, 6)]
[(1, 6), (2, 5), (5, 6)]
[(2, 3), (2, 5), (1, 5), (0, 1), (5, 6), (2, 6)]
[1, 0, 1, 1, 0, 1]

133
[(0, 1), (0, 3), (0, 4), (0, 6), (1, 3), (1, 4), (1, 6), (2, 4), (2, 5), (3, 6), (4, 6)]
3
[(0, 3), (0, 1), (1, 4), (2, 4), (2, 5), (4, 6)]
[(0, 4), (0, 6), (1, 3), (1, 6), (3, 6)]
[(1, 6), (0, 6), (2, 5), (3, 6), (2, 4), (0, 4)]
[0, 0, 1, 0, 1, 0]

134
[(0, 1), (0, 3), (1, 2), (1, 5), (1, 6), (2, 4), (2, 5), (3, 5), (3, 6)]
0
[(0, 1), (1, 2), (2, 4), (2, 5), (3, 5), (3, 6)]
[(0, 3), (1, 5), (1, 6)]
[(1, 5), (2, 4), (2, 5), (1, 6), (0, 1), (0, 3)]
[0, 1, 1, 0, 1, 0]

135
[(0, 1), (0, 3), (0, 4), (1, 2), (1, 3), (1, 4), (1, 6), (2, 5), (3, 4), (4, 5), (4, 6)]
2
[(1, 2), (0, 1), (0, 3), (3, 4), (4, 5), (4, 6)]
[(0, 4), (1, 3), (1, 4), (1, 6), (2, 5)]
[(0, 4), (1, 3), (0, 1), (2, 5), (0, 3), (1, 2)]
[0, 0, 1, 0, 1, 1]

136
[(0, 4), (0, 6), (1, 3), (1, 4), (2, 3), (2, 4), (3, 5), (3, 6), (4, 5), (4, 6)]
2
[(2, 3), (1, 3), (1, 4), (0, 4), (0, 6), (4, 5)]
[(2, 4), (3, 5), (3, 6), (4, 6)]
[(2, 3), (3, 6), (0, 6), (2, 4), (3, 5), (4, 6)]
[1, 0, 1, 0, 0, 0]

137
[(0, 2), (0, 3), (0, 4), (0, 6), (1, 2), (1, 3), (2, 4), (3, 4), (3, 5), (5, 6)]
4
[(0, 4), (0, 2), (1, 2), (1, 3), (3, 5), (5, 6)]
[(0, 3), (0, 6), (2, 4), (3, 4)]
[(5, 6), (2, 4), (0, 2), (0, 4), (0, 3), (1, 2)]
[1, 0, 1, 1, 0, 1]

138
[(0, 1), (0, 2), (0, 6), (1, 2), (1, 4), (2, 3), (2, 4), (2, 5), (2, 6), (4, 6), (5, 6)]
5
[(2, 5), (0, 2), (0, 1), (1, 4), (4, 6), (2, 3)]
[(0, 6), (1, 2), (2, 4), (2, 6), (5, 6)]
[(0, 6), (2, 5), (5, 6), (4, 6), (0, 1), (0, 2)]
[0, 1, 0, 1, 1, 1]

139
[(0, 1), (0, 3), (0, 4), (1, 3), (2, 5), (3, 5), (3, 6), (4, 5), (4, 6)]
6
[(3, 6), (0, 3), (0, 1), (0, 4), (4, 5), (2, 5)]
[(1, 3), (3, 5), (4, 6)]
[(4, 6), (0, 1), (3, 5), (4, 5), (1, 3), (3, 6)]
[0, 1, 0, 1, 0, 1]

140
[(0, 2), (0, 5), (0, 6), (1, 2), (1, 6), (2, 5), (3, 4), (3, 5), (5, 6)]
3
[(3, 4), (3, 5), (0, 5), (0, 2), (1, 2), (1, 6)]
[(0, 6), (2, 5), (5, 6)]
[(2, 5), (1, 6), (0, 2), (5, 6), (0, 6), (3, 4)]
[0, 1, 1, 0, 0, 1]

141
[(0, 2), (0, 3), (0, 4), (0, 5), (1, 2), (2, 3), (2, 6), (4, 6), (5, 6)]
1
[(1, 2), (0, 2), (0, 3), (0, 4), (4, 6), (5, 6)]
[(0, 5), (2, 3), (2, 6)]
[(0, 2), (4, 6), (1, 2), (0, 5), (5, 6), (0, 3)]
[1, 1, 1, 0, 1, 1]

142
[(0, 2), (0, 3), (0, 4), (0, 5), (0, 6), (1, 2), (1, 5), (1, 6), (2, 4), (4, 5)]
0
[(0, 2), (1, 2), (1, 5), (4, 5), (1, 6), (0, 3)]
[(0, 4), (0, 5), (0, 6), (2, 4)]
[(1, 5), (0, 2), (2, 4), (4, 5), (1, 6), (0, 3)]
[1, 1, 0, 1, 1, 1]

143
[(0, 3), (0, 5), (0, 6), (1, 4), (2, 5), (2, 6), (3, 5), (4, 5), (5, 6)]
5
[(0, 5), (0, 3), (0, 6), (2, 6), (4, 5), (1, 4)]
[(2, 5), (3, 5), (5, 6)]
[(4, 5), (0, 3), (3, 5), (5, 6), (0, 6), (2, 5)]
[1, 1, 0, 0, 1, 0]

144
[(0, 1), (0, 3), (0, 5), (0, 6), (1, 6), (2, 3), (3, 4), (3, 5), (4, 5), (5, 6)]
6
[(0, 6), (0, 1), (0, 3), (2, 3), (3, 4), (4, 5)]
[(0, 5), (1, 6), (3, 5), (5, 6)]
[(0, 5), (4, 5), (5, 6), (3, 5), (0, 6), (1, 6)]
[0, 1, 0, 0, 1, 0]

145
[(0, 3), (0, 5), (1, 3), (1, 5), (2, 4), (2, 5), (2, 6), (3, 5), (4, 5), (4, 6)]
4
[(2, 4), (2, 5), (0, 5), (0, 3), (1, 3), (2, 6)]
[(1, 5), (3, 5), (4, 5), (4, 6)]
[(2, 6), (1, 3), (1, 5), (2, 4), (2, 5), (3, 5)]
[1, 1, 0, 1, 1, 0]

146
[(0, 4), (0, 6), (1, 4), (1, 6), (2, 4), (2, 6), (3, 4), (3, 6), (4, 5), (4, 6), (5, 6)]
6
[(0, 6), (0, 4), (1, 4), (2, 4), (3, 4), (4, 5)]
[(1, 6), (2, 6), (3, 6), (4, 6), (5, 6)]
[(2, 6), (1, 4), (3, 4), (4, 5), (1, 6), (2, 4)]
[0, 1, 1, 1, 0, 1]

147
[(0, 2), (0, 4), (0, 5), (1, 3), (1, 6), (2, 3), (2, 4), (2, 5), (3, 4), (3, 6)]
6
[(1, 6), (1, 3), (2, 3), (0, 2), (0, 4), (0, 5)]
[(2, 4), (2, 5), (3, 4), (3, 6)]
[(3, 4), (1, 6), (0, 5), (0, 4), (3, 6), (2, 4)]
[0, 1, 1, 1, 0, 0]

148
[(0, 1), (0, 2), (0, 3), (0, 4), (1, 3), (1, 4), (1, 6), (2, 4), (3, 4), (3, 5), (4, 5)]
5
[(3, 5), (0, 3), (0, 1), (1, 4), (2, 4), (1, 6)]
[(0, 2), (0, 4), (1, 3), (3, 4), (4, 5)]
[(1, 3), (3, 5), (0, 3), (4, 5), (2, 4), (3, 4)]
[0, 1, 1, 0, 1, 0]

149
[(0, 3), (0, 6), (1, 5), (1, 6), (2, 3), (2, 6), (3, 4), (3, 5), (3, 6), (4, 6), (5, 6)]
5
[(1, 5), (1, 6), (0, 6), (0, 3), (2, 3), (3, 4)]
[(2, 6), (3, 5), (3, 6), (4, 6), (5, 6)]
[(1, 5), (1, 6), (3, 5), (3, 6), (3, 4), (4, 6)]
[1, 1, 0, 0, 1, 0]

150
[(0, 4), (0, 5), (0, 6), (1, 2), (1, 3), (1, 4), (1, 6), (4, 5), (4, 6), (5, 6)]
5
[(0, 5), (0, 4), (1, 4), (1, 2), (1, 3), (1, 6)]
[(0, 6), (4, 5), (4, 6), (5, 6)]
[(1, 2), (5, 6), (1, 6), (4, 5), (0, 6), (1, 3)]
[1, 0, 1, 0, 0, 1]

151
[(0, 3), (1, 2), (1, 3), (1, 4), (2, 3), (2, 5), (2, 6), (3, 4), (3, 5), (4, 6), (5, 6)]
0
[(0, 3), (1, 3), (1, 2), (2, 5), (5, 6), (4, 6)]
[(1, 4), (2, 3), (2, 6), (3, 4), (3, 5)]
[(1, 2), (2, 6), (3, 4), (5, 6), (3, 5), (2, 3)]
[1, 0, 0, 1, 0, 0]

152
[(0, 2), (0, 5), (1, 2), (1, 5), (2, 3), (2, 4), (2, 5), (2, 6), (3, 5), (4, 5)]
2
[(0, 2), (0, 5), (1, 5), (3, 5), (4, 5), (2, 6)]
[(1, 2), (2, 3), (2, 4), (2, 5)]
[(1, 5), (2, 6), (3, 5), (4, 5), (2, 3), (0, 5)]
[1, 1, 1, 1, 0, 1]

153
[(0, 2), (0, 3), (0, 4), (0, 5), (1, 2), (1, 3), (2, 4), (2, 5), (3, 5), (4, 6)]
2
[(0, 2), (0, 3), (1, 3), (3, 5), (0, 4), (4, 6)]
[(0, 5), (1, 2), (2, 4), (2, 5)]
[(0, 4), (1, 2), (1, 3), (0, 2), (4, 6), (0, 3)]
[1, 0, 1, 1, 1, 1]

154
[(0, 5), (1, 2), (1, 3), (2, 4), (2, 5), (2, 6), (3, 4), (3, 5), (3, 6)]
0
[(0, 5), (2, 5), (1, 2), (1, 3), (3, 4), (3, 6)]
[(2, 4), (2, 6), (3, 5)]
[(2, 6), (3, 5), (2, 4), (1, 3), (3, 6), (0, 5)]
[0, 0, 0, 1, 1, 1]

155
[(0, 1), (0, 5), (1, 2), (1, 3), (1, 4), (2, 3), (2, 6), (3, 4), (4, 6), (5, 6)]
0
[(0, 1), (1, 2), (2, 3), (3, 4), (4, 6), (5, 6)]
[(0, 5), (1, 3), (1, 4), (2, 6)]
[(5, 6), (0, 5), (3, 4), (4, 6), (0, 1), (1, 4)]
[1, 0, 1, 1, 1, 0]

156
[(0, 1), (0, 6), (1, 3), (1, 5), (2, 6), (3, 4), (3, 5), (4, 6), (5, 6)]
4
[(3, 4), (1, 3), (0, 1), (0, 6), (2, 6), (5, 6)]
[(1, 5), (3, 5), (4, 6)]
[(1, 3), (0, 1), (1, 5), (0, 6), (3, 5), (4, 6)]
[1, 1, 0, 1, 0, 0]

157
[(0, 3), (0, 6), (1, 2), (1, 3), (2, 3), (2, 4), (2, 5), (2, 6), (3, 4), (3, 5)]
5
[(2, 5), (1, 2), (1, 3), (0, 3), (0, 6), (3, 4)]
[(2, 3), (2, 4), (2, 6), (3, 5)]
[(2, 5), (3, 4), (1, 3), (0, 6), (2, 6), (1, 2)]
[1, 1, 1, 1, 0, 1]

158
[(0, 1), (0, 2), (0, 4), (0, 5), (1, 3), (1, 4), (2, 6), (3, 4), (3, 6), (5, 6)]
2
[(0, 2), (0, 1), (1, 3), (3, 4), (3, 6), (5, 6)]
[(0, 4), (0, 5), (1, 4), (2, 6)]
[(0, 4), (3, 6), (1, 4), (0, 5), (2, 6), (3, 4)]
[0, 1, 0, 0, 0, 1]

159
[(0, 2), (0, 4), (1, 6), (2, 3), (2, 4), (2, 6), (3, 4), (3, 6), (4, 5), (4, 6)]
6
[(1, 6), (2, 6), (0, 2), (0, 4), (3, 4), (4, 5)]
[(2, 3), (2, 4), (3, 6), (4, 6)]
[(3, 6), (3, 4), (4, 6), (2, 3), (0, 4), (2, 4)]
[0, 1, 0, 0, 1, 0]

160
[(0, 3), (0, 4), (1, 3), (1, 4), (1, 5), (2, 4), (2, 5), (3, 4), (4, 6), (5, 6)]
3
[(0, 3), (0, 4), (1, 4), (1, 5), (2, 5), (5, 6)]
[(1, 3), (2, 4), (3, 4), (4, 6)]
[(2, 4), (2, 5), (0, 3), (4, 6), (1, 3), (0, 4)]
[0, 1, 1, 0, 0, 1]

161
[(0, 2), (0, 4), (0, 5), (1, 2), (1, 3), (1, 4), (2, 4), (2, 5), (2, 6), (3, 4), (4, 5)]
4
[(0, 4), (0, 2), (1, 2), (1, 3), (2, 5), (2, 6)]
[(0, 5), (1, 4), (2, 4), (3, 4), (4, 5)]
[(1, 4), (0, 5), (0, 4), (3, 4), (2, 4), (1, 2)]
[0, 0, 1, 0, 0, 1]

162
[(0, 1), (0, 2), (0, 6), (1, 2), (1, 6), (2, 3), (2, 6), (3, 4), (4, 5)]
2
[(0, 2), (0, 1), (1, 6), (2, 3), (3, 4), (4, 5)]
[(0, 6), (1, 2), (2, 6)]
[(2, 3), (1, 6), (0, 6), (1, 2), (2, 6), (0, 2)]
[1, 1, 0, 0, 0, 1]

163
[(0, 1), (0, 3), (0, 4), (2, 4), (2, 5), (2, 6), (3, 4), (4, 5), (4, 6)]
4
[(0, 4), (0, 1), (0, 3), (2, 4), (2, 5), (2, 6)]
[(3, 4), (4, 5), (4, 6)]
[(3, 4), (2, 5), (2, 6), (0, 4), (4, 5), (0, 3)]
[0, 1, 1, 1, 0, 1]

164
[(0, 5), (0, 6), (1, 3), (1, 5), (2, 5), (2, 6), (3, 4), (3, 6), (4, 5)]
3
[(1, 3), (1, 5), (0, 5), (0, 6), (2, 6), (4, 5)]
[(2, 5), (3, 4), (3, 6)]
[(1, 5), (4, 5), (0, 5), (0, 6), (3, 4), (1, 3)]
[1, 1, 1, 1, 0, 1]

165
[(0, 3), (0, 6), (1, 3), (1, 4), (1, 5), (1, 6), (2, 5), (2, 6), (3, 4), (5, 6)]
6
[(0, 6), (0, 3), (1, 3), (1, 4), (1, 5), (2, 5)]
[(1, 6), (2, 6), (3, 4), (5, 6)]
[(1, 6), (2, 5), (5, 6), (3, 4), (2, 6), (0, 6)]
[0, 1, 0, 0, 0, 1]

166
[(0, 3), (0, 6), (1, 2), (1, 5), (2, 5), (2, 6), (3, 4), (4, 6), (5, 6)]
1
[(1, 2), (2, 5), (5, 6), (0, 6), (0, 3), (3, 4)]
[(1, 5), (2, 6), (4, 6)]
[(2, 6), (1, 2), (1, 5), (2, 5), (4, 6), (5, 6)]
[0, 1, 0, 1, 0, 1]

167
[(0, 1), (1, 2), (1, 3), (1, 5), (1, 6), (2, 3), (2, 4), (2, 5), (2, 6), (4, 6)]
1
[(0, 1), (1, 2), (2, 3), (2, 4), (4, 6), (2, 5)]
[(1, 3), (1, 5), (1, 6), (2, 6)]
[(1, 2), (1, 3), (2, 6), (2, 3), (1, 6), (0, 1)]
[1, 0, 0, 1, 0, 1]

168
[(0, 2), (0, 3), (0, 6), (1, 5), (1, 6), (2, 3), (2, 6), (3, 6), (4, 5), (5, 6)]
2
[(0, 2), (0, 3), (3, 6), (1, 6), (1, 5), (4, 5)]
[(0, 6), (2, 3), (2, 6), (5, 6)]
[(0, 6), (5, 6), (3, 6), (2, 6), (2, 3), (1, 5)]
[0, 0, 1, 0, 0, 1]

169
[(0, 2), (0, 3), (0, 4), (1, 3), (1, 5), (2, 3), (3, 4), (3, 6), (5, 6)]
5
[(1, 5), (1, 3), (0, 3), (0, 2), (0, 4), (3, 6)]
[(2, 3), (3, 4), (5, 6)]
[(5, 6), (0, 4), (2, 3), (0, 2), (0, 3), (3, 4)]
[0, 1, 0, 1, 1, 0]

170
[(0, 6), (1, 2), (1, 3), (1, 5), (2, 3), (2, 4), (2, 5), (3, 4), (3, 5), (3, 6)]
4
[(2, 4), (1, 2), (1, 3), (3, 5), (3, 6), (0, 6)]
[(1, 5), (2, 3), (2, 5), (3, 4)]
[(3, 4), (1, 2), (2, 5), (2, 4), (1, 5), (2, 3)]
[0, 1, 0, 1, 0, 0]

171
[(0, 2), (0, 6), (1, 2), (1, 3), (1, 5), (1, 6), (2, 5), (3, 4), (3, 6), (4, 5)]
4
[(3, 4), (1, 3), (1, 2), (0, 2), (0, 6), (2, 5)]
[(1, 5), (1, 6), (3, 6), (4, 5)]
[(3, 6), (0, 2), (4, 5), (1, 6), (1, 5), (1, 3)]
[0, 1, 0, 0, 0, 1]

172
[(0, 1), (0, 4), (0, 5), (1, 2), (1, 3), (2, 5), (2, 6), (3, 4), (3, 6)]
0
[(0, 1), (1, 2), (2, 5), (2, 6), (3, 6), (3, 4)]
[(0, 4), (0, 5), (1, 3)]
[(2, 6), (0, 5), (3, 4), (0, 4), (1, 3), (0, 1)]
[1, 0, 1, 0, 0, 1]

173
[(0, 2), (0, 3), (0, 5), (0, 6), (1, 2), (1, 4), (2, 3), (3, 5), (3, 6), (5, 6)]
2
[(0, 2), (0, 3), (3, 5), (5, 6), (1, 2), (1, 4)]
[(0, 5), (0, 6), (2, 3), (3, 6)]
[(3, 5), (5, 6), (0, 5), (1, 2), (0, 6), (1, 4)]
[1, 1, 0, 1, 0, 1]

174
[(0, 3), (0, 6), (1, 4), (1, 5), (2, 3), (2, 5), (3, 5), (3, 6), (4, 5)]
3
[(0, 3), (0, 6), (2, 3), (2, 5), (1, 5), (1, 4)]
[(3, 5), (3, 6), (4, 5)]
[(0, 3), (4, 5), (2, 3), (1, 5), (2, 5), (3, 5)]
[1, 0, 1, 1, 1, 0]

175
[(0, 2), (0, 3), (0, 4), (0, 6), (1, 3), (1, 6), (3, 4), (3, 5), (4, 6), (5, 6)]
2
[(0, 2), (0, 3), (1, 3), (1, 6), (4, 6), (5, 6)]
[(0, 4), (0, 6), (3, 4), (3, 5)]
[(4, 6), (0, 2), (0, 6), (3, 4), (0, 4), (5, 6)]
[1, 1, 0, 0, 0, 1]

176
[(0, 3), (0, 6), (1, 3), (1, 4), (1, 6), (2, 4), (2, 6), (3, 5), (3, 6), (4, 6), (5, 6)]
6
[(0, 6), (0, 3), (1, 3), (1, 4), (2, 4), (3, 5)]
[(1, 6), (2, 6), (3, 6), (4, 6), (5, 6)]
[(2, 4), (5, 6), (3, 5), (4, 6), (1, 4), (0, 3)]
[1, 0, 1, 0, 1, 1]

177
[(0, 3), (0, 4), (0, 6), (1, 2), (1, 4), (1, 5), (2, 6), (3, 4), (5, 6)]
1
[(1, 2), (2, 6), (0, 6), (0, 3), (3, 4), (5, 6)]
[(0, 4), (1, 4), (1, 5)]
[(0, 3), (0, 4), (2, 6), (1, 4), (1, 5), (3, 4)]
[1, 0, 1, 0, 0, 1]

178
[(0, 4), (0, 5), (1, 3), (1, 6), (2, 3), (2, 4), (3, 6), (4, 5), (5, 6)]
1
[(1, 3), (2, 3), (2, 4), (0, 4), (0, 5), (5, 6)]
[(1, 6), (3, 6), (4, 5)]
[(2, 4), (4, 5), (1, 6), (0, 4), (0, 5), (3, 6)]
[1, 0, 0, 1, 1, 0]

179
[(0, 1), (0, 3), (0, 5), (0, 6), (1, 2), (1, 5), (2, 4), (3, 6), (4, 5)]
4
[(2, 4), (1, 2), (0, 1), (0, 3), (3, 6), (0, 5)]
[(0, 6), (1, 5), (4, 5)]
[(0, 1), (0, 6), (4, 5), (2, 4), (0, 3), (1, 5)]
[1, 0, 0, 1, 1, 0]

180
[(0, 3), (0, 5), (1, 5), (1, 6), (2, 4), (2, 5), (3, 5), (4, 5), (5, 6)]
3
[(0, 3), (0, 5), (1, 5), (1, 6), (2, 5), (2, 4)]
[(3, 5), (4, 5), (5, 6)]
[(2, 4), (1, 6), (1, 5), (0, 5), (5, 6), (3, 5)]
[1, 1, 1, 1, 0, 0]

181
[(0, 2), (0, 4), (0, 5), (0, 6), (1, 2), (2, 3), (2, 4), (2, 5), (2, 6), (3, 5), (4, 6)]
3
[(2, 3), (0, 2), (0, 4), (4, 6), (0, 5), (1, 2)]
[(0, 6), (2, 4), (2, 5), (2, 6), (3, 5)]
[(1, 2), (0, 4), (2, 3), (3, 5), (0, 5), (4, 6)]
[1, 1, 1, 0, 1, 1]

182
[(0, 1), (0, 4), (0, 5), (0, 6), (1, 4), (2, 5), (2, 6), (3, 4), (3, 5), (3, 6)]
4
[(0, 4), (0, 1), (0, 5), (2, 5), (2, 6), (3, 6)]
[(0, 6), (1, 4), (3, 4), (3, 5)]
[(1, 4), (0, 4), (0, 1), (2, 6), (2, 5), (0, 5)]
[0, 1, 1, 1, 1, 1]

183
[(0, 1), (0, 5), (1, 2), (1, 3), (1, 4), (1, 5), (1, 6), (2, 4), (3, 5), (5, 6)]
1
[(0, 1), (0, 5), (3, 5), (5, 6), (1, 2), (2, 4)]
[(1, 3), (1, 4), (1, 5), (1, 6)]
[(1, 2), (1, 3), (3, 5), (2, 4), (1, 5), (5, 6)]
[1, 0, 1, 1, 0, 1]

184
[(0, 2), (0, 3), (0, 5), (1, 3), (1, 4), (1, 6), (2, 3), (2, 5), (3, 6), (5, 6)]
2
[(0, 2), (0, 3), (1, 3), (1, 4), (1, 6), (5, 6)]
[(0, 5), (2, 3), (2, 5), (3, 6)]
[(2, 5), (0, 5), (3, 6), (2, 3), (0, 2), (1, 6)]
[0, 0, 0, 0, 1, 1]

185
[(0, 1), (0, 3), (1, 2), (1, 5), (1, 6), (2, 3), (2, 4), (2, 5), (3, 4), (3, 6)]
4
[(2, 4), (1, 2), (0, 1), (0, 3), (3, 6), (1, 5)]
[(1, 6), (2, 3), (2, 5), (3, 4)]
[(2, 4), (1, 5), (0, 1), (2, 5), (1, 2), (3, 4)]
[1, 1, 1, 0, 1, 0]

186
[(0, 1), (0, 2), (0, 3), (0, 4), (0, 6), (1, 4), (2, 5), (3, 5), (3, 6), (4, 6)]
2
[(0, 2), (0, 1), (1, 4), (4, 6), (3, 6), (3, 5)]
[(0, 3), (0, 4), (0, 6), (2, 5)]
[(0, 2), (3, 5), (4, 6), (3, 6), (0, 6), (0, 1)]
[1, 1, 1, 1, 0, 1]

187
[(0, 3), (0, 4), (1, 3), (1, 4), (1, 5), (1, 6), (2, 3), (2, 5), (4, 5)]
1
[(1, 3), (0, 3), (0, 4), (4, 5), (2, 5), (1, 6)]
[(1, 4), (1, 5), (2, 3)]
[(2, 3), (0, 4), (4, 5), (1, 5), (1, 4), (2, 5)]
[0, 1, 1, 0, 0, 1]

188
[(0, 3), (0, 4), (0, 5), (0, 6), (1, 3), (1, 6), (2, 5), (3, 5), (3, 6), (5, 6)]
5
[(0, 5), (0, 3), (1, 3), (1, 6), (0, 4), (2, 5)]
[(0, 6), (3, 5), (3, 6), (5, 6)]
[(0, 6), (5, 6), (0, 5), (2, 5), (3, 6), (3, 5)]
[0, 0, 1, 1, 0, 0]

189
[(0, 1), (0, 2), (0, 4), (0, 5), (2, 3), (2, 5), (2, 6), (3, 4), (3, 5), (4, 5), (4, 6)]
2
[(0, 2), (0, 1), (0, 4), (3, 4), (3, 5), (4, 6)]
[(0, 5), (2, 3), (2, 5), (2, 6), (4, 5)]
[(4, 5), (2, 6), (2, 5), (3, 4), (0, 1), (0, 5)]
[0, 0, 0, 1, 1, 0]

190
[(0, 2), (0, 3), (0, 4), (0, 5), (0, 6), (1, 5), (2, 3), (2, 5), (2, 6), (3, 5), (3, 6)]
3
[(0, 3), (0, 2), (2, 5), (1, 5), (2, 6), (0, 4)]
[(0, 5), (0, 6), (2, 3), (3, 5), (3, 6)]
[(3, 5), (0, 2), (2, 5), (1, 5), (0, 4), (0, 3)]
[0, 1, 1, 1, 1, 1]

191
[(0, 3), (0, 4), (0, 6), (1, 5), (2, 3), (2, 6), (3, 5), (3, 6), (4, 5), (4, 6)]
0
[(0, 3), (2, 3), (2, 6), (4, 6), (4, 5), (1, 5)]
[(0, 4), (0, 6), (3, 5), (3, 6)]
[(1, 5), (3, 6), (0, 6), (0, 3), (0, 4), (4, 6)]
[1, 0, 0, 1, 0, 1]

192
[(0, 3), (1, 2), (1, 4), (1, 6), (2, 3), (2, 4), (3, 4), (3, 6), (4, 5), (5, 6)]
0
[(0, 3), (2, 3), (1, 2), (1, 4), (4, 5), (5, 6)]
[(1, 6), (2, 4), (3, 4), (3, 6)]
[(0, 3), (1, 4), (2, 4), (3, 4), (2, 3), (4, 5)]
[1, 1, 0, 0, 1, 1]

193
[(0, 3), (0, 5), (1, 3), (1, 4), (1, 6), (2, 5), (2, 6), (3, 5), (3, 6)]
6
[(1, 6), (1, 3), (0, 3), (0, 5), (2, 5), (1, 4)]
[(2, 6), (3, 5), (3, 6)]
[(2, 6), (3, 6), (1, 6), (3, 5), (2, 5), (1, 3)]
[0, 0, 1, 0, 1, 1]

194
[(0, 1), (0, 3), (0, 6), (1, 2), (2, 3), (3, 5), (4, 5), (4, 6), (5, 6)]
5
[(3, 5), (0, 3), (0, 1), (1, 2), (0, 6), (4, 6)]
[(2, 3), (4, 5), (5, 6)]
[(2, 3), (0, 6), (4, 5), (5, 6), (0, 1), (0, 3)]
[0, 1, 0, 0, 1, 1]

195
[(0, 1), (0, 6), (1, 2), (1, 3), (1, 5), (2, 3), (2, 4), (4, 6), (5, 6)]
0
[(0, 1), (1, 2), (2, 3), (2, 4), (4, 6), (5, 6)]
[(0, 6), (1, 3), (1, 5)]
[(2, 3), (1, 5), (1, 3), (5, 6), (0, 1), (1, 2)]
[1, 0, 0, 1, 1, 1]

196
[(0, 1), (0, 3), (0, 4), (1, 5), (2, 4), (2, 5), (3, 4), (3, 5), (3, 6), (5, 6)]
4
[(0, 4), (0, 1), (1, 5), (2, 5), (3, 5), (3, 6)]
[(0, 3), (2, 4), (3, 4), (5, 6)]
[(0, 4), (0, 3), (1, 5), (3, 6), (3, 5), (2, 5)]
[1, 0, 1, 1, 1, 1]

197
[(0, 2), (0, 3), (0, 5), (1, 3), (1, 4), (1, 6), (2, 5), (3, 4), (4, 5)]
0
[(0, 2), (2, 5), (4, 5), (1, 4), (1, 3), (1, 6)]
[(0, 3), (0, 5), (3, 4)]
[(0, 3), (0, 5), (1, 3), (0, 2), (2, 5), (3, 4)]
[0, 0, 1, 1, 1, 0]

198
[(0, 1), (0, 2), (0, 3), (0, 4), (0, 6), (1, 3), (1, 6), (3, 4), (3, 5), (4, 6)]
0
[(0, 1), (1, 3), (3, 4), (4, 6), (3, 5), (0, 2)]
[(0, 3), (0, 4), (0, 6), (1, 6)]
[(1, 3), (0, 3), (0, 2), (1, 6), (0, 1), (3, 4)]
[1, 0, 1, 0, 1, 1]

199
[(0, 5), (1, 4), (1, 5), (1, 6), (2, 3), (2, 5), (3, 4), (3, 5), (5, 6)]
4
[(1, 4), (1, 5), (0, 5), (2, 5), (2, 3), (5, 6)]
[(1, 6), (3, 4), (3, 5)]
[(3, 4), (5, 6), (0, 5), (2, 5), (1, 6), (3, 5)]
[0, 1, 1, 1, 0, 0]

200
[(0, 2), (0, 3), (0, 4), (0, 6), (1, 3), (1, 5), (1, 6), (2, 3), (2, 6), (3, 6)]
5
[(1, 5), (1, 3), (0, 3), (0, 2), (2, 6), (0, 4)]
[(0, 6), (1, 6), (2, 3), (3, 6)]
[(1, 5), (3, 6), (0, 2), (1, 3), (0, 3), (2, 3)]
[1, 0, 1, 1, 1, 0]

