0
[(0, 1), (0, 2), (0, 5), (0, 6), (1, 4), (2, 3), (2, 5), (3, 4), (3, 6), (5, 6)]
6
[6, 0, 1, 4, 3, 2, 5]
[(0, 6), (0, 1), (1, 4), (3, 4), (2, 3), (2, 5)]
[(0, 2), (0, 5), (3, 6), (5, 6)]
[6, 0, 3, 5, 1, 2, 4]
[(0, 6), (3, 6), (5, 6), (0, 1), (0, 2), (3, 4)]
[(0, 5), (1, 4), (2, 3), (2, 5)]
[(0, 1), (1, 4), (0, 6), (0, 5), (3, 6), (0, 2)]
[1, 1, 1, 0, 0, 0]
[(3, 6), (1, 4), (2, 3), (0, 6), (3, 4), (0, 1)]
[1, 0, 0, 1, 1, 1]

1
[(0, 2), (0, 5), (1, 2), (1, 3), (1, 6), (2, 6), (3, 4), (4, 5), (4, 6), (5, 6)]
6
[6, 1, 2, 0, 5, 4, 3]
[(1, 6), (1, 2), (0, 2), (0, 5), (4, 5), (3, 4)]
[(1, 3), (2, 6), (4, 6), (5, 6)]
[6, 1, 2, 4, 5, 3, 0]
[(1, 6), (2, 6), (4, 6), (5, 6), (1, 3), (0, 2)]
[(0, 5), (1, 2), (3, 4), (4, 5)]
[(1, 2), (0, 2), (5, 6), (1, 6), (1, 3), (0, 5)]
[1, 1, 0, 1, 0, 1]
[(4, 5), (3, 4), (4, 6), (0, 5), (5, 6), (1, 6)]
[0, 0, 1, 0, 1, 1]

2
[(0, 1), (0, 2), (0, 3), (0, 5), (1, 2), (1, 3), (1, 4), (1, 6), (2, 4), (2, 5), (2, 6)]
2
[2, 0, 1, 3, 4, 6, 5]
[(0, 2), (0, 1), (1, 3), (1, 4), (1, 6), (0, 5)]
[(0, 3), (1, 2), (2, 4), (2, 5), (2, 6)]
[2, 0, 1, 4, 5, 6, 3]
[(0, 2), (1, 2), (2, 4), (2, 5), (2, 6), (0, 3)]
[(0, 1), (0, 5), (1, 3), (1, 4), (1, 6)]
[(0, 3), (0, 5), (0, 2), (0, 1), (2, 6), (1, 6)]
[0, 1, 1, 1, 0, 1]
[(1, 3), (2, 5), (2, 6), (0, 3), (0, 1), (2, 4)]
[0, 1, 1, 1, 0, 1]

3
[(0, 3), (0, 4), (0, 6), (1, 2), (2, 4), (2, 6), (3, 4), (3, 6), (4, 5), (4, 6), (5, 6)]
2
[2, 1, 4, 0, 3, 6, 5]
[(1, 2), (2, 4), (0, 4), (0, 3), (3, 6), (5, 6)]
[(0, 6), (2, 6), (3, 4), (4, 5), (4, 6)]
[2, 1, 4, 6, 0, 3, 5]
[(1, 2), (2, 4), (2, 6), (0, 4), (3, 4), (4, 5)]
[(0, 3), (0, 6), (3, 6), (4, 6), (5, 6)]
[(4, 5), (1, 2), (3, 6), (0, 6), (0, 3), (0, 4)]
[0, 1, 1, 0, 1, 1]
[(2, 4), (4, 6), (5, 6), (0, 6), (1, 2), (4, 5)]
[1, 0, 0, 0, 1, 1]

4
[(0, 1), (0, 2), (0, 6), (1, 6), (2, 3), (2, 4), (3, 4), (3, 6), (4, 5)]
4
[4, 2, 0, 1, 6, 3, 5]
[(2, 4), (0, 2), (0, 1), (1, 6), (3, 6), (4, 5)]
[(0, 6), (2, 3), (3, 4)]
[4, 2, 3, 5, 0, 6, 1]
[(2, 4), (3, 4), (4, 5), (0, 2), (3, 6), (0, 1)]
[(0, 6), (1, 6), (2, 3)]
[(1, 6), (0, 2), (2, 3), (0, 6), (3, 4), (0, 1)]
[1, 1, 0, 0, 0, 1]
[(2, 4), (3, 4), (2, 3), (4, 5), (0, 6), (1, 6)]
[1, 1, 0, 1, 0, 0]

5
[(0, 1), (0, 2), (0, 5), (1, 4), (1, 5), (2, 4), (2, 5), (2, 6), (3, 5), (4, 5)]
4
[4, 1, 0, 2, 5, 3, 6]
[(1, 4), (0, 1), (0, 2), (2, 5), (3, 5), (2, 6)]
[(0, 5), (1, 5), (2, 4), (4, 5)]
[4, 1, 2, 5, 0, 6, 3]
[(1, 4), (2, 4), (4, 5), (0, 1), (2, 6), (3, 5)]
[(0, 2), (0, 5), (1, 5), (2, 5)]
[(3, 5), (4, 5), (0, 5), (2, 4), (0, 1), (1, 4)]
[1, 0, 0, 0, 1, 1]
[(2, 5), (0, 1), (4, 5), (3, 5), (1, 4), (2, 6)]
[0, 1, 1, 1, 1, 1]

6
[(0, 2), (0, 3), (0, 5), (1, 3), (1, 4), (1, 6), (2, 3), (2, 6), (3, 4), (5, 6)]
5
[5, 0, 2, 3, 1, 4, 6]
[(0, 5), (0, 2), (2, 3), (1, 3), (1, 4), (1, 6)]
[(0, 3), (2, 6), (3, 4), (5, 6)]
[5, 0, 6, 2, 3, 1, 4]
[(0, 5), (5, 6), (0, 2), (0, 3), (1, 6), (3, 4)]
[(1, 3), (1, 4), (2, 3), (2, 6)]
[(0, 2), (1, 4), (0, 5), (1, 6), (2, 6), (5, 6)]
[1, 1, 1, 1, 0, 0]
[(0, 5), (1, 4), (2, 6), (2, 3), (0, 2), (5, 6)]
[1, 0, 0, 0, 1, 1]

7
[(0, 3), (0, 4), (0, 5), (1, 4), (2, 4), (2, 5), (3, 4), (3, 5), (4, 5), (5, 6)]
0
[0, 3, 4, 1, 2, 5, 6]
[(0, 3), (3, 4), (1, 4), (2, 4), (2, 5), (5, 6)]
[(0, 4), (0, 5), (3, 5), (4, 5)]
[0, 3, 4, 5, 1, 2, 6]
[(0, 3), (0, 4), (0, 5), (1, 4), (2, 4), (5, 6)]
[(2, 5), (3, 4), (3, 5), (4, 5)]
[(2, 5), (3, 4), (5, 6), (4, 5), (3, 5), (1, 4)]
[1, 1, 1, 0, 0, 1]
[(1, 4), (4, 5), (2, 4), (3, 5), (5, 6), (0, 4)]
[1, 0, 1, 0, 1, 1]

8
[(0, 2), (0, 4), (0, 5), (1, 2), (1, 4), (1, 5), (2, 6), (3, 6), (4, 5), (5, 6)]
3
[3, 6, 2, 0, 4, 1, 5]
[(3, 6), (2, 6), (0, 2), (0, 4), (1, 4), (1, 5)]
[(0, 5), (1, 2), (4, 5), (5, 6)]
[3, 6, 2, 5, 0, 1, 4]
[(3, 6), (2, 6), (5, 6), (0, 2), (1, 2), (4, 5)]
[(0, 4), (0, 5), (1, 4), (1, 5)]
[(1, 4), (0, 5), (0, 4), (0, 2), (2, 6), (1, 5)]
[1, 0, 1, 1, 1, 1]
[(1, 2), (5, 6), (2, 6), (3, 6), (1, 4), (4, 5)]
[1, 1, 1, 1, 0, 1]

9
[(0, 2), (0, 4), (0, 6), (1, 2), (1, 4), (1, 5), (1, 6), (2, 3), (3, 4), (4, 5)]
2
[2, 0, 4, 1, 5, 6, 3]
[(0, 2), (0, 4), (1, 4), (1, 5), (1, 6), (3, 4)]
[(0, 6), (1, 2), (2, 3), (4, 5)]
[2, 0, 1, 3, 4, 6, 5]
[(0, 2), (1, 2), (2, 3), (0, 4), (0, 6), (1, 5)]
[(1, 4), (1, 6), (3, 4), (4, 5)]
[(4, 5), (2, 3), (0, 4), (1, 2), (1, 5), (0, 2)]
[0, 0, 1, 0, 1, 1]
[(1, 5), (0, 2), (2, 3), (0, 4), (0, 6), (3, 4)]
[1, 1, 1, 1, 1, 0]

10
[(0, 3), (0, 6), (1, 2), (1, 3), (1, 5), (2, 4), (2, 5), (3, 6), (4, 5)]
0
[0, 3, 1, 2, 4, 5, 6]
[(0, 3), (1, 3), (1, 2), (2, 4), (4, 5), (3, 6)]
[(0, 6), (1, 5), (2, 5)]
[0, 3, 6, 1, 2, 5, 4]
[(0, 3), (0, 6), (1, 3), (1, 2), (1, 5), (2, 4)]
[(2, 5), (3, 6), (4, 5)]
[(2, 5), (0, 3), (0, 6), (1, 5), (1, 3), (2, 4)]
[0, 1, 0, 0, 1, 1]
[(2, 5), (2, 4), (0, 3), (4, 5), (3, 6), (1, 3)]
[0, 1, 1, 0, 0, 1]

11
[(0, 1), (0, 2), (0, 4), (1, 2), (1, 4), (2, 3), (2, 4), (2, 5), (2, 6), (5, 6)]
1
[1, 0, 2, 3, 4, 5, 6]
[(0, 1), (0, 2), (2, 3), (2, 4), (2, 5), (5, 6)]
[(0, 4), (1, 2), (1, 4), (2, 6)]
[1, 0, 2, 4, 3, 5, 6]
[(0, 1), (1, 2), (1, 4), (2, 3), (2, 5), (2, 6)]
[(0, 2), (0, 4), (2, 4), (5, 6)]
[(2, 3), (2, 4), (0, 2), (0, 4), (1, 4), (1, 2)]
[1, 1, 1, 0, 0, 0]
[(0, 2), (0, 4), (2, 6), (2, 4), (2, 3), (2, 5)]
[0, 0, 1, 0, 1, 1]

12
[(0, 6), (1, 2), (1, 3), (1, 6), (2, 3), (2, 4), (2, 5), (3, 5), (3, 6), (4, 6)]
4
[4, 2, 1, 3, 5, 6, 0]
[(2, 4), (1, 2), (1, 3), (3, 5), (3, 6), (0, 6)]
[(1, 6), (2, 3), (2, 5), (4, 6)]
[4, 2, 6, 1, 3, 5, 0]
[(2, 4), (4, 6), (1, 2), (2, 3), (2, 5), (0, 6)]
[(1, 3), (1, 6), (3, 5), (3, 6)]
[(3, 5), (4, 6), (2, 4), (2, 3), (1, 2), (1, 3)]
[1, 0, 1, 0, 1, 1]
[(0, 6), (2, 4), (4, 6), (2, 5), (2, 3), (3, 6)]
[1, 1, 1, 1, 1, 0]

13
[(0, 1), (0, 2), (0, 3), (1, 2), (1, 5), (2, 4), (2, 5), (2, 6), (3, 4), (3, 5)]
1
[1, 0, 2, 4, 3, 5, 6]
[(0, 1), (0, 2), (2, 4), (3, 4), (3, 5), (2, 6)]
[(0, 3), (1, 2), (1, 5), (2, 5)]
[1, 0, 2, 5, 3, 4, 6]
[(0, 1), (1, 2), (1, 5), (0, 3), (2, 4), (2, 6)]
[(0, 2), (2, 5), (3, 4), (3, 5)]
[(3, 4), (1, 5), (2, 4), (2, 5), (0, 2), (0, 1)]
[1, 0, 1, 0, 1, 1]
[(1, 5), (3, 5), (2, 6), (0, 3), (0, 2), (3, 4)]
[1, 0, 1, 1, 0, 0]

14
[(0, 1), (0, 4), (1, 5), (1, 6), (2, 3), (2, 4), (3, 5), (3, 6), (4, 5), (4, 6)]
0
[0, 1, 5, 3, 2, 4, 6]
[(0, 1), (1, 5), (3, 5), (2, 3), (2, 4), (4, 6)]
[(0, 4), (1, 6), (3, 6), (4, 5)]
[0, 1, 4, 5, 6, 2, 3]
[(0, 1), (0, 4), (1, 5), (1, 6), (2, 4), (3, 5)]
[(2, 3), (3, 6), (4, 5), (4, 6)]
[(2, 4), (4, 6), (2, 3), (3, 6), (4, 5), (0, 4)]
[1, 1, 1, 0, 0, 0]
[(4, 6), (2, 4), (1, 6), (0, 4), (0, 1), (3, 6)]
[0, 1, 1, 1, 1, 0]

15
[(0, 2), (0, 4), (0, 6), (1, 3), (1, 6), (2, 4), (3, 5), (3, 6), (5, 6)]
3
[3, 1, 6, 0, 2, 4, 5]
[(1, 3), (1, 6), (0, 6), (0, 2), (2, 4), (5, 6)]
[(0, 4), (3, 5), (3, 6)]
[3, 1, 5, 6, 0, 2, 4]
[(1, 3), (3, 5), (3, 6), (0, 6), (0, 2), (0, 4)]
[(1, 6), (2, 4), (5, 6)]
[(1, 6), (2, 4), (5, 6), (3, 6), (0, 6), (3, 5)]
[1, 1, 1, 0, 1, 0]
[(1, 3), (0, 4), (5, 6), (0, 6), (2, 4), (1, 6)]
[1, 1, 0, 1, 0, 0]

16
[(0, 1), (0, 2), (0, 4), (0, 6), (1, 2), (1, 4), (1, 6), (2, 5), (3, 6), (4, 5), (4, 6)]
6
[6, 0, 1, 2, 5, 4, 3]
[(0, 6), (0, 1), (1, 2), (2, 5), (4, 5), (3, 6)]
[(0, 2), (0, 4), (1, 4), (1, 6), (4, 6)]
[6, 0, 1, 3, 4, 2, 5]
[(0, 6), (1, 6), (3, 6), (4, 6), (0, 2), (4, 5)]
[(0, 1), (0, 4), (1, 2), (1, 4), (2, 5)]
[(4, 6), (0, 6), (0, 4), (0, 2), (1, 2), (2, 5)]
[0, 1, 0, 0, 1, 1]
[(1, 6), (0, 2), (3, 6), (1, 4), (4, 5), (1, 2)]
[1, 1, 1, 0, 1, 0]

17
[(0, 3), (0, 5), (0, 6), (1, 4), (1, 5), (2, 5), (3, 5), (4, 5), (4, 6), (5, 6)]
6
[6, 0, 3, 5, 1, 4, 2]
[(0, 6), (0, 3), (3, 5), (1, 5), (1, 4), (2, 5)]
[(0, 5), (4, 5), (4, 6), (5, 6)]
[6, 0, 4, 5, 3, 1, 2]
[(0, 6), (4, 6), (5, 6), (0, 3), (1, 4), (2, 5)]
[(0, 5), (1, 5), (3, 5), (4, 5)]
[(0, 3), (2, 5), (4, 6), (1, 5), (4, 5), (3, 5)]
[1, 1, 0, 1, 0, 1]
[(1, 4), (4, 5), (0, 3), (0, 5), (5, 6), (2, 5)]
[1, 0, 1, 0, 1, 1]

18
[(0, 1), (0, 3), (0, 4), (0, 5), (1, 6), (2, 3), (3, 6), (4, 5), (4, 6), (5, 6)]
6
[6, 1, 0, 3, 2, 4, 5]
[(1, 6), (0, 1), (0, 3), (2, 3), (0, 4), (4, 5)]
[(0, 5), (3, 6), (4, 6), (5, 6)]
[6, 1, 3, 4, 5, 0, 2]
[(1, 6), (3, 6), (4, 6), (5, 6), (0, 1), (2, 3)]
[(0, 3), (0, 4), (0, 5), (4, 5)]
[(0, 4), (0, 3), (1, 6), (4, 6), (5, 6), (4, 5)]
[1, 1, 1, 0, 0, 1]
[(5, 6), (0, 1), (1, 6), (2, 3), (0, 4), (3, 6)]
[1, 1, 1, 1, 0, 1]

19
[(0, 1), (0, 4), (1, 5), (1, 6), (2, 3), (2, 4), (3, 6), (4, 5), (5, 6)]
5
[5, 1, 0, 4, 2, 3, 6]
[(1, 5), (0, 1), (0, 4), (2, 4), (2, 3), (3, 6)]
[(1, 6), (4, 5), (5, 6)]
[5, 1, 4, 6, 0, 2, 3]
[(1, 5), (4, 5), (5, 6), (0, 1), (2, 4), (3, 6)]
[(0, 4), (1, 6), (2, 3)]
[(0, 4), (2, 3), (5, 6), (0, 1), (1, 5), (2, 4)]
[1, 1, 0, 1, 1, 1]
[(0, 4), (1, 5), (4, 5), (5, 6), (0, 1), (2, 3)]
[0, 1, 1, 1, 1, 0]

20
[(0, 2), (0, 3), (0, 6), (1, 2), (1, 3), (2, 4), (2, 6), (3, 4), (3, 5), (3, 6), (4, 6)]
5
[5, 3, 0, 2, 1, 4, 6]
[(3, 5), (0, 3), (0, 2), (1, 2), (2, 4), (4, 6)]
[(0, 6), (1, 3), (2, 6), (3, 4), (3, 6)]
[5, 3, 0, 1, 4, 6, 2]
[(3, 5), (0, 3), (1, 3), (3, 4), (3, 6), (0, 2)]
[(0, 6), (1, 2), (2, 4), (2, 6), (4, 6)]
[(1, 2), (0, 3), (0, 2), (3, 5), (0, 6), (4, 6)]
[1, 1, 1, 1, 0, 1]
[(3, 6), (0, 3), (1, 2), (3, 4), (3, 5), (1, 3)]
[1, 1, 0, 1, 1, 1]

21
[(0, 2), (0, 4), (1, 2), (1, 3), (1, 4), (1, 6), (3, 4), (3, 5), (4, 6), (5, 6)]
5
[5, 3, 1, 2, 0, 4, 6]
[(3, 5), (1, 3), (1, 2), (0, 2), (0, 4), (4, 6)]
[(1, 4), (1, 6), (3, 4), (5, 6)]
[5, 3, 6, 1, 4, 2, 0]
[(3, 5), (5, 6), (1, 3), (3, 4), (1, 2), (0, 4)]
[(0, 2), (1, 4), (1, 6), (4, 6)]
[(3, 4), (3, 5), (1, 6), (0, 2), (5, 6), (1, 2)]
[0, 1, 0, 1, 0, 1]
[(1, 4), (1, 2), (5, 6), (3, 5), (0, 4), (3, 4)]
[0, 1, 1, 1, 1, 1]

22
[(0, 2), (0, 3), (0, 4), (0, 6), (1, 3), (1, 5), (1, 6), (3, 5), (3, 6), (4, 6), (5, 6)]
3
[3, 0, 2, 4, 6, 1, 5]
[(0, 3), (0, 2), (0, 4), (4, 6), (1, 6), (1, 5)]
[(0, 6), (1, 3), (3, 5), (3, 6), (5, 6)]
[3, 0, 1, 5, 6, 2, 4]
[(0, 3), (1, 3), (3, 5), (3, 6), (0, 2), (0, 4)]
[(0, 6), (1, 5), (1, 6), (4, 6), (5, 6)]
[(5, 6), (1, 3), (3, 6), (1, 5), (0, 3), (4, 6)]
[0, 0, 0, 1, 1, 1]
[(4, 6), (0, 2), (0, 6), (0, 4), (3, 6), (5, 6)]
[0, 1, 0, 1, 1, 0]

23
[(0, 1), (0, 3), (0, 4), (0, 5), (1, 2), (1, 4), (1, 5), (1, 6), (3, 5), (4, 5), (4, 6)]
4
[4, 0, 1, 2, 5, 3, 6]
[(0, 4), (0, 1), (1, 2), (1, 5), (3, 5), (1, 6)]
[(0, 3), (0, 5), (1, 4), (4, 5), (4, 6)]
[4, 0, 1, 5, 6, 3, 2]
[(0, 4), (1, 4), (4, 5), (4, 6), (0, 3), (1, 2)]
[(0, 1), (0, 5), (1, 5), (1, 6), (3, 5)]
[(0, 1), (0, 4), (1, 5), (3, 5), (4, 6), (1, 2)]
[1, 1, 1, 1, 0, 1]
[(1, 4), (4, 5), (0, 3), (0, 4), (4, 6), (0, 1)]
[1, 1, 1, 1, 1, 0]

24
[(0, 1), (0, 2), (0, 6), (1, 4), (1, 6), (2, 3), (2, 6), (4, 5), (4, 6), (5, 6)]
3
[3, 2, 0, 1, 4, 5, 6]
[(2, 3), (0, 2), (0, 1), (1, 4), (4, 5), (5, 6)]
[(0, 6), (1, 6), (2, 6), (4, 6)]
[3, 2, 0, 6, 1, 4, 5]
[(2, 3), (0, 2), (2, 6), (0, 1), (4, 6), (5, 6)]
[(0, 6), (1, 4), (1, 6), (4, 5)]
[(2, 3), (0, 6), (4, 6), (0, 2), (0, 1), (2, 6)]
[1, 0, 0, 1, 1, 0]
[(1, 6), (0, 1), (2, 6), (4, 6), (1, 4), (2, 3)]
[0, 1, 1, 1, 0, 1]

25
[(0, 3), (0, 4), (0, 5), (1, 5), (1, 6), (2, 5), (2, 6), (3, 4), (3, 5), (4, 5)]
6
[6, 1, 5, 0, 3, 4, 2]
[(1, 6), (1, 5), (0, 5), (0, 3), (3, 4), (2, 5)]
[(0, 4), (2, 6), (3, 5), (4, 5)]
[6, 1, 2, 5, 0, 3, 4]
[(1, 6), (2, 6), (1, 5), (0, 5), (3, 5), (4, 5)]
[(0, 3), (0, 4), (2, 5), (3, 4)]
[(0, 3), (1, 6), (2, 5), (0, 5), (0, 4), (3, 5)]
[1, 1, 1, 1, 0, 0]
[(3, 5), (2, 5), (0, 4), (0, 5), (4, 5), (2, 6)]
[1, 0, 0, 1, 1, 1]

26
[(0, 4), (1, 3), (1, 4), (1, 5), (2, 3), (2, 4), (3, 6), (4, 6), (5, 6)]
4
[4, 0, 1, 3, 2, 6, 5]
[(0, 4), (1, 4), (1, 3), (2, 3), (3, 6), (5, 6)]
[(1, 5), (2, 4), (4, 6)]
[4, 0, 1, 2, 6, 3, 5]
[(0, 4), (1, 4), (2, 4), (4, 6), (1, 3), (1, 5)]
[(2, 3), (3, 6), (5, 6)]
[(4, 6), (5, 6), (1, 5), (1, 4), (3, 6), (1, 3)]
[0, 1, 0, 1, 1, 1]
[(2, 4), (4, 6), (1, 3), (0, 4), (1, 4), (3, 6)]
[1, 1, 1, 1, 1, 0]

27
[(0, 3), (0, 4), (0, 6), (1, 3), (1, 5), (1, 6), (2, 3), (3, 5), (3, 6), (4, 5)]
3
[3, 0, 4, 5, 1, 6, 2]
[(0, 3), (0, 4), (4, 5), (1, 5), (1, 6), (2, 3)]
[(0, 6), (1, 3), (3, 5), (3, 6)]
[3, 0, 1, 2, 5, 6, 4]
[(0, 3), (1, 3), (2, 3), (3, 5), (3, 6), (0, 4)]
[(0, 6), (1, 5), (1, 6), (4, 5)]
[(3, 5), (4, 5), (0, 4), (1, 5), (0, 3), (1, 6)]
[0, 1, 1, 1, 1, 1]
[(4, 5), (2, 3), (3, 6), (1, 3), (1, 6), (0, 6)]
[0, 1, 1, 1, 0, 0]

28
[(0, 2), (0, 5), (1, 5), (2, 3), (2, 4), (2, 5), (3, 6), (4, 5), (5, 6)]
6
[6, 3, 2, 0, 5, 1, 4]
[(3, 6), (2, 3), (0, 2), (0, 5), (1, 5), (4, 5)]
[(2, 4), (2, 5), (5, 6)]
[6, 3, 5, 2, 0, 1, 4]
[(3, 6), (5, 6), (2, 3), (0, 5), (1, 5), (4, 5)]
[(0, 2), (2, 4), (2, 5)]
[(0, 5), (2, 4), (1, 5), (5, 6), (3, 6), (2, 5)]
[1, 0, 1, 0, 1, 0]
[(1, 5), (2, 3), (2, 4), (5, 6), (2, 5), (0, 5)]
[1, 1, 0, 1, 0, 1]

29
[(0, 3), (0, 4), (0, 5), (0, 6), (1, 3), (1, 4), (2, 3), (2, 4), (3, 4), (4, 5), (4, 6)]
0
[0, 3, 1, 4, 2, 5, 6]
[(0, 3), (1, 3), (1, 4), (2, 4), (4, 5), (4, 6)]
[(0, 4), (0, 5), (0, 6), (2, 3), (3, 4)]
[0, 3, 4, 5, 6, 1, 2]
[(0, 3), (0, 4), (0, 5), (0, 6), (1, 3), (2, 3)]
[(1, 4), (2, 4), (3, 4), (4, 5), (4, 6)]
[(0, 3), (4, 5), (0, 6), (2, 4), (4, 6), (1, 3)]
[1, 1, 0, 1, 1, 1]
[(3, 4), (4, 5), (2, 3), (0, 3), (0, 4), (0, 6)]
[0, 0, 1, 1, 1, 1]

30
[(0, 5), (1, 3), (1, 4), (2, 3), (2, 6), (3, 4), (3, 5), (4, 5), (4, 6), (5, 6)]
2
[2, 3, 1, 4, 5, 0, 6]
[(2, 3), (1, 3), (1, 4), (4, 5), (0, 5), (5, 6)]
[(2, 6), (3, 4), (3, 5), (4, 6)]
[2, 3, 6, 1, 4, 5, 0]
[(2, 3), (2, 6), (1, 3), (3, 4), (3, 5), (0, 5)]
[(1, 4), (4, 5), (4, 6), (5, 6)]
[(2, 6), (2, 3), (4, 5), (1, 4), (4, 6), (0, 5)]
[0, 1, 1, 1, 0, 1]
[(2, 3), (0, 5), (1, 3), (3, 5), (2, 6), (4, 5)]
[1, 1, 1, 1, 1, 0]

31
[(0, 1), (0, 2), (0, 3), (0, 4), (0, 5), (0, 6), (1, 4), (2, 4), (2, 6), (3, 5)]
5
[5, 0, 1, 4, 2, 6, 3]
[(0, 5), (0, 1), (1, 4), (2, 4), (2, 6), (0, 3)]
[(0, 2), (0, 4), (0, 6), (3, 5)]
[5, 0, 3, 1, 2, 4, 6]
[(0, 5), (3, 5), (0, 1), (0, 2), (0, 4), (0, 6)]
[(0, 3), (1, 4), (2, 4), (2, 6)]
[(0, 3), (0, 1), (0, 2), (2, 4), (0, 4), (3, 5)]
[1, 1, 0, 1, 0, 0]
[(0, 2), (1, 4), (0, 5), (2, 4), (0, 4), (3, 5)]
[1, 0, 1, 0, 1, 1]

32
[(0, 4), (0, 5), (1, 2), (1, 3), (1, 6), (3, 5), (3, 6), (4, 5), (5, 6)]
2
[2, 1, 3, 5, 0, 4, 6]
[(1, 2), (1, 3), (3, 5), (0, 5), (0, 4), (5, 6)]
[(1, 6), (3, 6), (4, 5)]
[2, 1, 3, 6, 5, 0, 4]
[(1, 2), (1, 3), (1, 6), (3, 5), (0, 5), (4, 5)]
[(0, 4), (3, 6), (5, 6)]
[(1, 3), (0, 5), (1, 2), (3, 5), (4, 5), (1, 6)]
[1, 1, 1, 1, 0, 0]
[(4, 5), (3, 5), (5, 6), (1, 6), (3, 6), (1, 2)]
[1, 1, 0, 1, 0, 1]

33
[(0, 1), (0, 2), (0, 3), (1, 5), (2, 3), (2, 5), (2, 6), (3, 5), (4, 5), (4, 6)]
0
[0, 1, 5, 2, 3, 6, 4]
[(0, 1), (1, 5), (2, 5), (2, 3), (2, 6), (4, 6)]
[(0, 2), (0, 3), (3, 5), (4, 5)]
[0, 1, 2, 3, 5, 6, 4]
[(0, 1), (0, 2), (0, 3), (1, 5), (2, 6), (4, 5)]
[(2, 3), (2, 5), (3, 5), (4, 6)]
[(3, 5), (0, 1), (4, 5), (4, 6), (2, 3), (2, 6)]
[0, 1, 0, 1, 1, 1]
[(0, 3), (2, 3), (4, 5), (1, 5), (2, 5), (0, 2)]
[1, 0, 1, 1, 0, 1]

34
[(0, 2), (0, 3), (0, 5), (0, 6), (1, 3), (1, 4), (2, 5), (2, 6), (3, 6)]
6
[6, 0, 2, 5, 3, 1, 4]
[(0, 6), (0, 2), (2, 5), (0, 3), (1, 3), (1, 4)]
[(0, 5), (2, 6), (3, 6)]
[6, 0, 2, 3, 5, 1, 4]
[(0, 6), (2, 6), (3, 6), (0, 5), (1, 3), (1, 4)]
[(0, 2), (0, 3), (2, 5)]
[(0, 6), (2, 6), (3, 6), (1, 3), (0, 5), (0, 3)]
[1, 0, 0, 1, 0, 1]
[(1, 3), (0, 5), (2, 5), (1, 4), (0, 3), (0, 2)]
[1, 1, 0, 1, 0, 0]

35
[(0, 3), (0, 4), (0, 5), (0, 6), (1, 3), (2, 3), (2, 5), (4, 5), (4, 6)]
3
[3, 0, 4, 5, 2, 6, 1]
[(0, 3), (0, 4), (4, 5), (2, 5), (4, 6), (1, 3)]
[(0, 5), (0, 6), (2, 3)]
[3, 0, 1, 2, 4, 5, 6]
[(0, 3), (1, 3), (2, 3), (0, 4), (0, 5), (0, 6)]
[(2, 5), (4, 5), (4, 6)]
[(0, 4), (4, 6), (0, 3), (1, 3), (0, 5), (2, 5)]
[1, 1, 1, 1, 0, 1]
[(0, 6), (1, 3), (4, 5), (0, 5), (0, 4), (2, 3)]
[1, 1, 0, 1, 1, 1]

36
[(0, 1), (0, 2), (0, 3), (1, 2), (1, 3), (1, 5), (2, 3), (3, 5), (4, 5), (5, 6)]
1
[1, 0, 2, 3, 5, 4, 6]
[(0, 1), (0, 2), (2, 3), (3, 5), (4, 5), (5, 6)]
[(0, 3), (1, 2), (1, 3), (1, 5)]
[1, 0, 2, 3, 5, 4, 6]
[(0, 1), (1, 2), (1, 3), (1, 5), (4, 5), (5, 6)]
[(0, 2), (0, 3), (2, 3), (3, 5)]
[(0, 2), (1, 5), (5, 6), (1, 3), (0, 1), (2, 3)]
[1, 0, 1, 0, 1, 1]
[(0, 1), (0, 3), (0, 2), (2, 3), (1, 5), (1, 2)]
[1, 0, 0, 0, 1, 1]

37
[(0, 2), (0, 4), (0, 5), (1, 3), (1, 4), (1, 6), (2, 5), (3, 4), (4, 5), (5, 6)]
0
[0, 2, 5, 4, 1, 3, 6]
[(0, 2), (2, 5), (4, 5), (1, 4), (1, 3), (1, 6)]
[(0, 4), (0, 5), (3, 4), (5, 6)]
[0, 2, 4, 5, 1, 3, 6]
[(0, 2), (0, 4), (0, 5), (1, 4), (3, 4), (5, 6)]
[(1, 3), (1, 6), (2, 5), (4, 5)]
[(4, 5), (0, 2), (0, 4), (1, 6), (0, 5), (1, 3)]
[1, 1, 0, 1, 0, 1]
[(3, 4), (5, 6), (2, 5), (1, 3), (1, 4), (1, 6)]
[1, 1, 0, 0, 1, 0]

38
[(0, 1), (0, 6), (1, 2), (1, 3), (1, 4), (1, 6), (2, 6), (3, 6), (4, 6), (5, 6)]
1
[1, 0, 6, 2, 3, 4, 5]
[(0, 1), (0, 6), (2, 6), (3, 6), (4, 6), (5, 6)]
[(1, 2), (1, 3), (1, 4), (1, 6)]
[1, 0, 2, 3, 4, 6, 5]
[(0, 1), (1, 2), (1, 3), (1, 4), (1, 6), (5, 6)]
[(0, 6), (2, 6), (3, 6), (4, 6)]
[(3, 6), (0, 1), (1, 6), (1, 2), (1, 4), (2, 6)]
[1, 1, 0, 0, 0, 1]
[(3, 6), (1, 2), (0, 6), (5, 6), (2, 6), (1, 4)]
[0, 1, 0, 1, 0, 1]

39
[(0, 1), (0, 5), (0, 6), (1, 4), (1, 5), (2, 4), (2, 5), (2, 6), (3, 5), (4, 5), (5, 6)]
1
[1, 0, 5, 2, 4, 6, 3]
[(0, 1), (0, 5), (2, 5), (2, 4), (2, 6), (3, 5)]
[(0, 6), (1, 4), (1, 5), (4, 5), (5, 6)]
[1, 0, 4, 5, 6, 2, 3]
[(0, 1), (1, 4), (1, 5), (0, 6), (2, 4), (3, 5)]
[(0, 5), (2, 5), (2, 6), (4, 5), (5, 6)]
[(2, 4), (2, 6), (4, 5), (2, 5), (0, 5), (0, 1)]
[1, 1, 0, 1, 1, 1]
[(0, 5), (0, 1), (3, 5), (2, 6), (1, 5), (0, 6)]
[0, 1, 1, 0, 1, 1]

40
[(0, 2), (1, 2), (1, 3), (1, 4), (1, 6), (2, 4), (2, 5), (2, 6), (3, 4), (3, 6), (4, 6)]
2
[2, 0, 1, 3, 4, 6, 5]
[(0, 2), (1, 2), (1, 3), (3, 4), (4, 6), (2, 5)]
[(1, 4), (1, 6), (2, 4), (2, 6), (3, 6)]
[2, 0, 1, 4, 5, 6, 3]
[(0, 2), (1, 2), (2, 4), (2, 5), (2, 6), (1, 3)]
[(1, 4), (1, 6), (3, 4), (3, 6), (4, 6)]
[(1, 3), (2, 4), (2, 5), (1, 2), (0, 2), (3, 4)]
[1, 0, 1, 1, 1, 1]
[(2, 5), (0, 2), (1, 4), (1, 3), (2, 6), (2, 4)]
[1, 1, 0, 1, 1, 1]

41
[(0, 2), (0, 3), (1, 3), (1, 4), (2, 5), (2, 6), (3, 4), (3, 5), (3, 6), (5, 6)]
3
[3, 0, 2, 5, 6, 1, 4]
[(0, 3), (0, 2), (2, 5), (5, 6), (1, 3), (1, 4)]
[(2, 6), (3, 4), (3, 5), (3, 6)]
[3, 0, 1, 4, 5, 6, 2]
[(0, 3), (1, 3), (3, 4), (3, 5), (3, 6), (0, 2)]
[(1, 4), (2, 5), (2, 6), (5, 6)]
[(0, 3), (2, 6), (5, 6), (3, 4), (0, 2), (3, 5)]
[1, 0, 1, 0, 1, 0]
[(1, 3), (5, 6), (3, 6), (1, 4), (2, 6), (0, 3)]
[1, 0, 1, 0, 0, 1]

42
[(0, 1), (1, 3), (1, 4), (1, 5), (1, 6), (2, 3), (2, 5), (3, 6), (4, 5)]
6
[6, 1, 0, 3, 2, 5, 4]
[(1, 6), (0, 1), (1, 3), (2, 3), (2, 5), (4, 5)]
[(1, 4), (1, 5), (3, 6)]
[6, 1, 3, 0, 4, 5, 2]
[(1, 6), (3, 6), (0, 1), (1, 4), (1, 5), (2, 3)]
[(1, 3), (2, 5), (4, 5)]
[(1, 6), (1, 4), (1, 3), (2, 5), (0, 1), (2, 3)]
[1, 0, 1, 1, 1, 1]
[(3, 6), (2, 5), (1, 3), (1, 6), (2, 3), (4, 5)]
[1, 0, 0, 1, 1, 0]

43
[(0, 2), (0, 3), (0, 4), (0, 5), (0, 6), (1, 5), (1, 6), (2, 6), (3, 6), (4, 5)]
5
[5, 0, 2, 6, 1, 3, 4]
[(0, 5), (0, 2), (2, 6), (1, 6), (3, 6), (0, 4)]
[(0, 3), (0, 6), (1, 5), (4, 5)]
[5, 0, 1, 4, 2, 3, 6]
[(0, 5), (1, 5), (4, 5), (0, 2), (0, 3), (0, 6)]
[(0, 4), (1, 6), (2, 6), (3, 6)]
[(0, 4), (3, 6), (0, 2), (0, 6), (1, 6), (0, 3)]
[1, 1, 1, 0, 1, 0]
[(1, 6), (2, 6), (0, 3), (0, 6), (0, 2), (0, 4)]
[0, 0, 1, 1, 1, 0]

44
[(0, 4), (0, 5), (1, 2), (1, 4), (1, 5), (1, 6), (2, 6), (3, 6), (4, 6)]
4
[4, 0, 5, 1, 2, 6, 3]
[(0, 4), (0, 5), (1, 5), (1, 2), (2, 6), (3, 6)]
[(1, 4), (1, 6), (4, 6)]
[4, 0, 1, 6, 5, 2, 3]
[(0, 4), (1, 4), (4, 6), (0, 5), (1, 2), (3, 6)]
[(1, 5), (1, 6), (2, 6)]
[(3, 6), (1, 4), (1, 6), (2, 6), (4, 6), (1, 5)]
[1, 0, 0, 1, 0, 1]
[(3, 6), (2, 6), (0, 4), (1, 4), (1, 5), (1, 2)]
[1, 0, 1, 1, 0, 1]

45
[(0, 1), (0, 3), (0, 5), (1, 3), (2, 3), (2, 5), (2, 6), (3, 4), (4, 5), (5, 6)]
3
[3, 0, 1, 5, 2, 6, 4]
[(0, 3), (0, 1), (0, 5), (2, 5), (2, 6), (4, 5)]
[(1, 3), (2, 3), (3, 4), (5, 6)]
[3, 0, 1, 2, 4, 5, 6]
[(0, 3), (1, 3), (2, 3), (3, 4), (0, 5), (2, 6)]
[(0, 1), (2, 5), (4, 5), (5, 6)]
[(0, 3), (2, 5), (2, 6), (1, 3), (5, 6), (0, 5)]
[1, 1, 1, 0, 0, 1]
[(3, 4), (2, 6), (4, 5), (0, 1), (2, 3), (0, 5)]
[1, 1, 0, 0, 1, 1]

46
[(0, 1), (0, 3), (0, 4), (0, 6), (1, 2), (1, 4), (1, 5), (3, 4), (3, 6), (5, 6)]
6
[6, 0, 1, 2, 4, 3, 5]
[(0, 6), (0, 1), (1, 2), (1, 4), (3, 4), (1, 5)]
[(0, 3), (0, 4), (3, 6), (5, 6)]
[6, 0, 3, 5, 1, 4, 2]
[(0, 6), (3, 6), (5, 6), (0, 1), (0, 4), (1, 2)]
[(0, 3), (1, 4), (1, 5), (3, 4)]
[(0, 6), (0, 4), (1, 2), (1, 5), (0, 1), (1, 4)]
[1, 0, 1, 1, 1, 1]
[(1, 4), (3, 4), (0, 4), (0, 1), (0, 6), (5, 6)]
[0, 0, 1, 1, 1, 1]

47
[(0, 4), (0, 5), (0, 6), (1, 4), (1, 6), (2, 3), (3, 4), (3, 5), (4, 6), (5, 6)]
1
[1, 4, 0, 5, 3, 2, 6]
[(1, 4), (0, 4), (0, 5), (3, 5), (2, 3), (5, 6)]
[(0, 6), (1, 6), (3, 4), (4, 6)]
[1, 4, 6, 0, 3, 5, 2]
[(1, 4), (1, 6), (0, 4), (3, 4), (5, 6), (2, 3)]
[(0, 5), (0, 6), (3, 5), (4, 6)]
[(3, 5), (0, 5), (5, 6), (0, 4), (0, 6), (1, 4)]
[1, 1, 1, 1, 0, 1]
[(1, 6), (2, 3), (0, 5), (1, 4), (0, 4), (3, 4)]
[1, 1, 0, 1, 1, 1]

48
[(0, 1), (0, 2), (0, 3), (0, 5), (0, 6), (1, 3), (1, 4), (1, 5), (1, 6), (2, 3), (2, 5)]
6
[6, 0, 1, 3, 2, 5, 4]
[(0, 6), (0, 1), (1, 3), (2, 3), (2, 5), (1, 4)]
[(0, 2), (0, 3), (0, 5), (1, 5), (1, 6)]
[6, 0, 1, 2, 3, 5, 4]
[(0, 6), (1, 6), (0, 2), (0, 3), (0, 5), (1, 4)]
[(0, 1), (1, 3), (1, 5), (2, 3), (2, 5)]
[(0, 5), (2, 3), (1, 4), (1, 3), (1, 5), (2, 5)]
[0, 1, 1, 1, 0, 1]
[(1, 3), (0, 2), (1, 5), (0, 5), (1, 6), (2, 3)]
[0, 1, 0, 1, 1, 0]

49
[(0, 2), (1, 2), (1, 3), (1, 5), (1, 6), (2, 3), (2, 4), (2, 6), (3, 6), (4, 6)]
2
[2, 0, 1, 3, 6, 4, 5]
[(0, 2), (1, 2), (1, 3), (3, 6), (4, 6), (1, 5)]
[(1, 6), (2, 3), (2, 4), (2, 6)]
[2, 0, 1, 3, 4, 6, 5]
[(0, 2), (1, 2), (2, 3), (2, 4), (2, 6), (1, 5)]
[(1, 3), (1, 6), (3, 6), (4, 6)]
[(1, 5), (1, 3), (2, 3), (2, 4), (1, 6), (0, 2)]
[1, 1, 0, 0, 0, 1]
[(2, 6), (2, 4), (1, 3), (1, 2), (1, 5), (3, 6)]
[1, 1, 0, 1, 1, 0]

50
[(0, 3), (0, 5), (0, 6), (1, 3), (1, 4), (1, 5), (1, 6), (2, 3), (2, 5), (2, 6), (5, 6)]
6
[6, 0, 3, 1, 4, 5, 2]
[(0, 6), (0, 3), (1, 3), (1, 4), (1, 5), (2, 5)]
[(0, 5), (1, 6), (2, 3), (2, 6), (5, 6)]
[6, 0, 1, 2, 5, 3, 4]
[(0, 6), (1, 6), (2, 6), (5, 6), (0, 3), (1, 4)]
[(0, 5), (1, 3), (1, 5), (2, 3), (2, 5)]
[(0, 6), (5, 6), (2, 5), (1, 4), (1, 3), (0, 3)]
[1, 0, 1, 1, 1, 1]
[(0, 6), (1, 4), (2, 6), (1, 5), (0, 3), (5, 6)]
[1, 1, 1, 0, 1, 1]

51
[(0, 5), (1, 2), (1, 3), (1, 4), (1, 5), (2, 4), (3, 4), (3, 6), (4, 5), (4, 6)]
5
[5, 0, 1, 2, 4, 3, 6]
[(0, 5), (1, 5), (1, 2), (2, 4), (3, 4), (3, 6)]
[(1, 3), (1, 4), (4, 5), (4, 6)]
[5, 0, 1, 4, 2, 3, 6]
[(0, 5), (1, 5), (4, 5), (1, 2), (1, 3), (4, 6)]
[(1, 4), (2, 4), (3, 4), (3, 6)]
[(4, 5), (3, 4), (2, 4), (3, 6), (1, 2), (4, 6)]
[0, 1, 1, 1, 1, 0]
[(0, 5), (1, 5), (4, 6), (1, 3), (2, 4), (1, 2)]
[1, 1, 1, 1, 0, 1]

52
[(0, 2), (0, 3), (0, 4), (0, 5), (1, 3), (1, 4), (1, 5), (3, 5), (3, 6), (4, 5), (4, 6)]
5
[5, 0, 2, 3, 1, 4, 6]
[(0, 5), (0, 2), (0, 3), (1, 3), (1, 4), (4, 6)]
[(0, 4), (1, 5), (3, 5), (3, 6), (4, 5)]
[5, 0, 1, 3, 4, 2, 6]
[(0, 5), (1, 5), (3, 5), (4, 5), (0, 2), (3, 6)]
[(0, 3), (0, 4), (1, 3), (1, 4), (4, 6)]
[(0, 2), (3, 5), (0, 5), (1, 4), (0, 4), (1, 5)]
[1, 0, 1, 1, 0, 0]
[(0, 4), (1, 3), (1, 5), (0, 2), (4, 5), (4, 6)]
[0, 0, 1, 1, 1, 0]

53
[(0, 3), (0, 4), (0, 5), (1, 4), (1, 5), (2, 6), (3, 4), (3, 5), (3, 6), (4, 5), (4, 6)]
1
[1, 4, 0, 3, 5, 6, 2]
[(1, 4), (0, 4), (0, 3), (3, 5), (3, 6), (2, 6)]
[(0, 5), (1, 5), (3, 4), (4, 5), (4, 6)]
[1, 4, 5, 0, 3, 6, 2]
[(1, 4), (1, 5), (0, 4), (3, 4), (4, 6), (2, 6)]
[(0, 3), (0, 5), (3, 5), (3, 6), (4, 5)]
[(3, 6), (0, 4), (0, 3), (3, 5), (1, 4), (4, 5)]
[1, 1, 1, 1, 1, 0]
[(4, 6), (0, 4), (2, 6), (3, 5), (1, 5), (3, 4)]
[1, 1, 1, 0, 1, 1]

54
[(0, 1), (0, 2), (0, 5), (1, 4), (1, 6), (2, 3), (2, 5), (3, 6), (4, 6), (5, 6)]
4
[4, 1, 0, 2, 3, 6, 5]
[(1, 4), (0, 1), (0, 2), (2, 3), (3, 6), (5, 6)]
[(0, 5), (1, 6), (2, 5), (4, 6)]
[4, 1, 6, 0, 3, 5, 2]
[(1, 4), (4, 6), (0, 1), (3, 6), (5, 6), (0, 2)]
[(0, 5), (1, 6), (2, 3), (2, 5)]
[(0, 2), (0, 5), (2, 5), (0, 1), (2, 3), (3, 6)]
[1, 0, 0, 1, 1, 1]
[(5, 6), (3, 6), (1, 6), (0, 1), (0, 5), (2, 3)]
[1, 1, 0, 1, 0, 0]

55
[(0, 3), (0, 6), (1, 4), (1, 6), (2, 4), (2, 5), (3, 4), (3, 6), (4, 6)]
4
[4, 1, 6, 0, 3, 2, 5]
[(1, 4), (1, 6), (0, 6), (0, 3), (2, 4), (2, 5)]
[(3, 4), (3, 6), (4, 6)]
[4, 1, 2, 3, 6, 5, 0]
[(1, 4), (2, 4), (3, 4), (4, 6), (2, 5), (0, 3)]
[(0, 6), (1, 6), (3, 6)]
[(2, 4), (1, 4), (3, 6), (0, 3), (0, 6), (4, 6)]
[1, 1, 0, 1, 1, 0]
[(1, 4), (2, 4), (3, 4), (3, 6), (1, 6), (0, 6)]
[1, 1, 1, 0, 0, 0]

56
[(0, 2), (0, 3), (0, 5), (1, 3), (2, 3), (2, 4), (3, 4), (3, 5), (3, 6), (4, 5)]
0
[0, 2, 3, 1, 4, 5, 6]
[(0, 2), (2, 3), (1, 3), (3, 4), (4, 5), (3, 6)]
[(0, 3), (0, 5), (2, 4), (3, 5)]
[0, 2, 3, 5, 4, 1, 6]
[(0, 2), (0, 3), (0, 5), (2, 4), (1, 3), (3, 6)]
[(2, 3), (3, 4), (3, 5), (4, 5)]
[(3, 5), (4, 5), (1, 3), (3, 6), (3, 4), (0, 2)]
[0, 1, 1, 1, 1, 1]
[(0, 3), (0, 5), (1, 3), (2, 4), (3, 4), (0, 2)]
[1, 1, 1, 1, 0, 1]

57
[(0, 1), (0, 3), (0, 4), (0, 5), (0, 6), (1, 5), (2, 6), (3, 4), (4, 5)]
1
[1, 0, 3, 4, 5, 6, 2]
[(0, 1), (0, 3), (3, 4), (4, 5), (0, 6), (2, 6)]
[(0, 4), (0, 5), (1, 5)]
[1, 0, 5, 3, 4, 6, 2]
[(0, 1), (1, 5), (0, 3), (0, 4), (0, 6), (2, 6)]
[(0, 5), (3, 4), (4, 5)]
[(0, 5), (3, 4), (2, 6), (0, 3), (0, 4), (1, 5)]
[0, 1, 1, 1, 0, 0]
[(0, 1), (0, 4), (1, 5), (3, 4), (0, 5), (2, 6)]
[1, 1, 1, 0, 0, 1]

58
[(0, 1), (0, 2), (0, 4), (1, 4), (1, 5), (1, 6), (2, 3), (2, 5), (3, 5), (5, 6)]
2
[2, 0, 1, 4, 5, 3, 6]
[(0, 2), (0, 1), (1, 4), (1, 5), (3, 5), (5, 6)]
[(0, 4), (1, 6), (2, 3), (2, 5)]
[2, 0, 3, 5, 1, 4, 6]
[(0, 2), (2, 3), (2, 5), (0, 1), (0, 4), (5, 6)]
[(1, 4), (1, 5), (1, 6), (3, 5)]
[(0, 4), (3, 5), (0, 2), (5, 6), (2, 3), (1, 4)]
[0, 1, 1, 1, 0, 1]
[(1, 4), (3, 5), (1, 6), (0, 1), (0, 4), (5, 6)]
[0, 0, 0, 1, 1, 1]

59
[(0, 1), (0, 3), (0, 6), (1, 2), (1, 4), (1, 6), (2, 5), (3, 4), (4, 6)]
3
[3, 0, 1, 2, 5, 4, 6]
[(0, 3), (0, 1), (1, 2), (2, 5), (1, 4), (4, 6)]
[(0, 6), (1, 6), (3, 4)]
[3, 0, 4, 1, 6, 2, 5]
[(0, 3), (3, 4), (0, 1), (0, 6), (1, 2), (2, 5)]
[(1, 4), (1, 6), (4, 6)]
[(0, 3), (0, 1), (0, 6), (1, 6), (1, 4), (1, 2)]
[1, 1, 0, 0, 1, 1]
[(0, 1), (0, 6), (2, 5), (4, 6), (3, 4), (0, 3)]
[1, 1, 1, 0, 1, 1]

60
[(0, 2), (0, 3), (1, 2), (1, 4), (1, 5), (1, 6), (3, 4), (4, 5), (4, 6)]
2
[2, 0, 3, 4, 1, 5, 6]
[(0, 2), (0, 3), (3, 4), (1, 4), (1, 5), (1, 6)]
[(1, 2), (4, 5), (4, 6)]
[2, 0, 1, 3, 4, 5, 6]
[(0, 2), (1, 2), (0, 3), (1, 4), (1, 5), (1, 6)]
[(3, 4), (4, 5), (4, 6)]
[(4, 5), (4, 6), (0, 2), (1, 4), (1, 6), (3, 4)]
[0, 0, 1, 1, 1, 1]
[(1, 5), (1, 2), (3, 4), (4, 6), (1, 4), (0, 2)]
[1, 1, 0, 0, 1, 1]

61
[(0, 2), (0, 3), (0, 4), (0, 6), (1, 2), (1, 3), (1, 6), (2, 4), (3, 6), (4, 6), (5, 6)]
4
[4, 0, 2, 1, 3, 6, 5]
[(0, 4), (0, 2), (1, 2), (1, 3), (3, 6), (5, 6)]
[(0, 3), (0, 6), (1, 6), (2, 4), (4, 6)]
[4, 0, 2, 6, 3, 1, 5]
[(0, 4), (2, 4), (4, 6), (0, 3), (1, 2), (5, 6)]
[(0, 2), (0, 6), (1, 3), (1, 6), (3, 6)]
[(5, 6), (0, 4), (4, 6), (3, 6), (1, 3), (1, 2)]
[1, 1, 0, 1, 1, 1]
[(4, 6), (1, 3), (2, 4), (1, 2), (5, 6), (0, 4)]
[1, 0, 1, 1, 1, 1]

62
[(0, 1), (0, 2), (0, 3), (0, 4), (0, 5), (0, 6), (1, 5), (2, 5), (2, 6), (3, 4), (5, 6)]
5
[5, 0, 1, 2, 6, 3, 4]
[(0, 5), (0, 1), (0, 2), (2, 6), (0, 3), (3, 4)]
[(0, 4), (0, 6), (1, 5), (2, 5), (5, 6)]
[5, 0, 1, 2, 6, 3, 4]
[(0, 5), (1, 5), (2, 5), (5, 6), (0, 3), (0, 4)]
[(0, 1), (0, 2), (0, 6), (2, 6), (3, 4)]
[(0, 4), (3, 4), (0, 3), (0, 2), (0, 1), (2, 5)]
[0, 1, 1, 1, 1, 0]
[(0, 5), (0, 1), (2, 5), (0, 4), (5, 6), (0, 3)]
[1, 0, 1, 1, 1, 1]

63
[(0, 2), (0, 5), (1, 6), (2, 3), (2, 4), (2, 5), (3, 6), (4, 5), (5, 6)]
4
[4, 2, 0, 5, 6, 1, 3]
[(2, 4), (0, 2), (0, 5), (5, 6), (1, 6), (3, 6)]
[(2, 3), (2, 5), (4, 5)]
[4, 2, 5, 0, 3, 6, 1]
[(2, 4), (4, 5), (0, 2), (2, 3), (5, 6), (1, 6)]
[(0, 5), (2, 5), (3, 6)]
[(5, 6), (4, 5), (2, 5), (2, 3), (1, 6), (3, 6)]
[1, 0, 0, 0, 1, 1]
[(0, 5), (1, 6), (2, 3), (5, 6), (0, 2), (2, 4)]
[0, 1, 1, 1, 1, 1]

64
[(0, 1), (0, 3), (0, 6), (1, 2), (1, 5), (2, 3), (3, 6), (4, 5), (5, 6)]
0
[0, 1, 2, 3, 6, 5, 4]
[(0, 1), (1, 2), (2, 3), (3, 6), (5, 6), (4, 5)]
[(0, 3), (0, 6), (1, 5)]
[0, 1, 3, 6, 2, 5, 4]
[(0, 1), (0, 3), (0, 6), (1, 2), (1, 5), (4, 5)]
[(2, 3), (3, 6), (5, 6)]
[(5, 6), (0, 6), (1, 2), (4, 5), (1, 5), (0, 3)]
[1, 0, 1, 1, 0, 0]
[(0, 3), (3, 6), (1, 5), (0, 1), (1, 2), (5, 6)]
[1, 0, 1, 1, 1, 0]

65
[(0, 4), (0, 5), (0, 6), (1, 2), (1, 3), (1, 5), (1, 6), (2, 3), (2, 5)]
3
[3, 1, 2, 5, 0, 4, 6]
[(1, 3), (1, 2), (2, 5), (0, 5), (0, 4), (0, 6)]
[(1, 5), (1, 6), (2, 3)]
[3, 1, 2, 5, 6, 0, 4]
[(1, 3), (2, 3), (1, 5), (1, 6), (0, 5), (0, 4)]
[(0, 6), (1, 2), (2, 5)]
[(1, 6), (0, 5), (1, 3), (1, 5), (2, 3), (2, 5)]
[0, 1, 1, 0, 0, 1]
[(1, 3), (0, 4), (0, 6), (1, 5), (1, 2), (2, 5)]
[1, 1, 0, 1, 0, 0]

66
[(0, 1), (0, 3), (0, 6), (1, 3), (1, 4), (2, 3), (2, 5), (3, 5), (3, 6)]
5
[5, 2, 3, 0, 1, 4, 6]
[(2, 5), (2, 3), (0, 3), (0, 1), (1, 4), (0, 6)]
[(1, 3), (3, 5), (3, 6)]
[5, 2, 3, 0, 1, 6, 4]
[(2, 5), (3, 5), (0, 3), (1, 3), (3, 6), (1, 4)]
[(0, 1), (0, 6), (2, 3)]
[(1, 3), (2, 5), (0, 1), (1, 4), (0, 3), (0, 6)]
[0, 1, 1, 1, 1, 1]
[(0, 6), (3, 5), (0, 1), (0, 3), (1, 3), (1, 4)]
[0, 1, 0, 1, 1, 1]

67
[(0, 1), (0, 3), (0, 4), (1, 3), (1, 4), (2, 5), (3, 4), (4, 6), (5, 6)]
5
[5, 2, 6, 4, 0, 1, 3]
[(2, 5), (5, 6), (4, 6), (0, 4), (0, 1), (1, 3)]
[(0, 3), (1, 4), (3, 4)]
[5, 2, 6, 4, 0, 1, 3]
[(2, 5), (5, 6), (4, 6), (0, 4), (1, 4), (3, 4)]
[(0, 1), (0, 3), (1, 3)]
[(5, 6), (1, 4), (0, 3), (4, 6), (1, 3), (0, 1)]
[1, 0, 0, 1, 1, 1]
[(5, 6), (0, 1), (0, 4), (0, 3), (3, 4), (4, 6)]
[1, 0, 1, 0, 1, 1]

68
[(0, 1), (0, 3), (0, 4), (1, 3), (2, 3), (2, 4), (2, 5), (3, 5), (4, 5), (4, 6)]
3
[3, 0, 1, 4, 2, 5, 6]
[(0, 3), (0, 1), (0, 4), (2, 4), (2, 5), (4, 6)]
[(1, 3), (2, 3), (3, 5), (4, 5)]
[3, 0, 1, 2, 5, 4, 6]
[(0, 3), (1, 3), (2, 3), (3, 5), (0, 4), (4, 6)]
[(0, 1), (2, 4), (2, 5), (4, 5)]
[(2, 3), (4, 6), (2, 5), (0, 1), (2, 4), (1, 3)]
[0, 1, 1, 1, 1, 0]
[(3, 5), (0, 1), (1, 3), (4, 6), (0, 3), (2, 5)]
[1, 0, 1, 1, 1, 0]

69
[(0, 1), (0, 6), (1, 2), (1, 4), (1, 6), (2, 3), (2, 6), (4, 5), (5, 6)]
1
[1, 0, 6, 2, 3, 5, 4]
[(0, 1), (0, 6), (2, 6), (2, 3), (5, 6), (4, 5)]
[(1, 2), (1, 4), (1, 6)]
[1, 0, 2, 4, 6, 3, 5]
[(0, 1), (1, 2), (1, 4), (1, 6), (2, 3), (4, 5)]
[(0, 6), (2, 6), (5, 6)]
[(5, 6), (4, 5), (1, 2), (2, 3), (1, 6), (0, 6)]
[1, 1, 0, 1, 0, 1]
[(5, 6), (1, 6), (0, 6), (1, 4), (2, 3), (1, 2)]
[0, 1, 0, 1, 1, 1]

70
[(0, 2), (0, 3), (0, 5), (0, 6), (1, 4), (2, 3), (2, 4), (2, 6), (4, 5), (4, 6), (5, 6)]
4
[4, 1, 2, 0, 3, 5, 6]
[(1, 4), (2, 4), (0, 2), (0, 3), (0, 5), (5, 6)]
[(0, 6), (2, 3), (2, 6), (4, 5), (4, 6)]
[4, 1, 2, 5, 6, 0, 3]
[(1, 4), (2, 4), (4, 5), (4, 6), (0, 2), (2, 3)]
[(0, 3), (0, 5), (0, 6), (2, 6), (5, 6)]
[(1, 4), (0, 3), (0, 5), (4, 5), (2, 4), (5, 6)]
[1, 1, 1, 0, 1, 1]
[(2, 4), (2, 3), (4, 5), (0, 2), (4, 6), (2, 6)]
[1, 1, 1, 1, 1, 0]

71
[(0, 1), (0, 5), (1, 3), (1, 4), (1, 5), (1, 6), (2, 5), (3, 4), (3, 6), (4, 6)]
2
[2, 5, 0, 1, 3, 4, 6]
[(2, 5), (0, 5), (0, 1), (1, 3), (3, 4), (4, 6)]
[(1, 4), (1, 5), (1, 6), (3, 6)]
[2, 5, 0, 1, 3, 4, 6]
[(2, 5), (0, 5), (1, 5), (1, 3), (1, 4), (1, 6)]
[(0, 1), (3, 4), (3, 6), (4, 6)]
[(1, 3), (3, 4), (0, 1), (3, 6), (0, 5), (1, 4)]
[1, 1, 1, 0, 1, 0]
[(0, 5), (1, 3), (4, 6), (2, 5), (3, 4), (1, 6)]
[1, 1, 0, 1, 0, 1]

72
[(0, 2), (0, 4), (0, 5), (1, 4), (2, 3), (2, 4), (2, 5), (3, 4), (3, 6), (4, 5), (4, 6)]
3
[3, 2, 0, 4, 1, 5, 6]
[(2, 3), (0, 2), (0, 4), (1, 4), (4, 5), (4, 6)]
[(0, 5), (2, 4), (2, 5), (3, 4), (3, 6)]
[3, 2, 4, 6, 0, 5, 1]
[(2, 3), (3, 4), (3, 6), (0, 2), (2, 5), (1, 4)]
[(0, 4), (0, 5), (2, 4), (4, 5), (4, 6)]
[(0, 2), (4, 5), (1, 4), (0, 5), (2, 4), (2, 5)]
[1, 1, 1, 0, 0, 0]
[(0, 5), (2, 4), (0, 2), (3, 4), (3, 6), (1, 4)]
[0, 0, 1, 1, 1, 1]

73
[(0, 3), (0, 6), (1, 2), (1, 3), (1, 5), (2, 3), (2, 4), (3, 5), (3, 6), (4, 5)]
6
[6, 0, 3, 1, 2, 4, 5]
[(0, 6), (0, 3), (1, 3), (1, 2), (2, 4), (4, 5)]
[(1, 5), (2, 3), (3, 5), (3, 6)]
[6, 0, 3, 1, 2, 5, 4]
[(0, 6), (3, 6), (1, 3), (2, 3), (3, 5), (2, 4)]
[(0, 3), (1, 2), (1, 5), (4, 5)]
[(0, 3), (2, 3), (2, 4), (0, 6), (3, 5), (1, 5)]
[1, 0, 1, 1, 0, 0]
[(0, 6), (3, 6), (2, 3), (1, 3), (0, 3), (1, 5)]
[1, 1, 1, 1, 0, 0]

74
[(0, 1), (0, 2), (0, 3), (0, 5), (1, 3), (1, 6), (2, 4), (3, 4), (4, 6)]
3
[3, 0, 1, 6, 4, 2, 5]
[(0, 3), (0, 1), (1, 6), (4, 6), (2, 4), (0, 5)]
[(0, 2), (1, 3), (3, 4)]
[3, 0, 1, 4, 2, 5, 6]
[(0, 3), (1, 3), (3, 4), (0, 2), (0, 5), (1, 6)]
[(0, 1), (2, 4), (4, 6)]
[(0, 3), (2, 4), (0, 1), (0, 2), (0, 5), (1, 6)]
[1, 1, 1, 0, 1, 1]
[(0, 2), (4, 6), (1, 6), (0, 5), (1, 3), (0, 3)]
[1, 0, 1, 1, 1, 1]

75
[(0, 2), (0, 5), (0, 6), (1, 2), (2, 3), (2, 4), (2, 5), (3, 5), (3, 6), (4, 5), (4, 6)]
1
[1, 2, 0, 5, 3, 6, 4]
[(1, 2), (0, 2), (0, 5), (3, 5), (3, 6), (4, 6)]
[(0, 6), (2, 3), (2, 4), (2, 5), (4, 5)]
[1, 2, 0, 3, 4, 5, 6]
[(1, 2), (0, 2), (2, 3), (2, 4), (2, 5), (0, 6)]
[(0, 5), (3, 5), (3, 6), (4, 5), (4, 6)]
[(0, 5), (1, 2), (2, 3), (0, 2), (2, 5), (4, 6)]
[1, 1, 0, 1, 0, 1]
[(1, 2), (0, 2), (3, 5), (2, 5), (2, 4), (0, 6)]
[1, 1, 0, 1, 1, 1]

76
[(0, 1), (0, 3), (0, 4), (0, 6), (1, 2), (1, 5), (1, 6), (3, 4), (3, 5), (4, 5), (5, 6)]
4
[4, 0, 1, 2, 5, 3, 6]
[(0, 4), (0, 1), (1, 2), (1, 5), (3, 5), (5, 6)]
[(0, 3), (0, 6), (1, 6), (3, 4), (4, 5)]
[4, 0, 3, 5, 1, 6, 2]
[(0, 4), (3, 4), (4, 5), (0, 1), (0, 6), (1, 2)]
[(0, 3), (1, 5), (1, 6), (3, 5), (5, 6)]
[(0, 1), (0, 6), (5, 6), (0, 3), (1, 5), (1, 2)]
[1, 0, 1, 0, 1, 1]
[(1, 2), (1, 5), (0, 1), (0, 6), (3, 4), (0, 4)]
[1, 0, 1, 1, 1, 1]

77
[(0, 2), (0, 3), (0, 4), (0, 6), (1, 2), (1, 5), (2, 3), (2, 4), (2, 5), (3, 4), (3, 5)]
2
[2, 0, 3, 4, 5, 1, 6]
[(0, 2), (0, 3), (3, 4), (3, 5), (1, 5), (0, 6)]
[(0, 4), (1, 2), (2, 3), (2, 4), (2, 5)]
[2, 0, 1, 3, 4, 5, 6]
[(0, 2), (1, 2), (2, 3), (2, 4), (2, 5), (0, 6)]
[(0, 3), (0, 4), (1, 5), (3, 4), (3, 5)]
[(2, 3), (0, 3), (3, 5), (0, 2), (1, 5), (2, 5)]
[0, 1, 1, 1, 1, 0]
[(1, 2), (0, 2), (0, 4), (2, 4), (2, 5), (3, 4)]
[1, 1, 0, 1, 1, 0]

78
[(0, 1), (0, 2), (0, 4), (1, 2), (1, 3), (1, 5), (1, 6), (2, 4), (3, 6), (5, 6)]
5
[5, 1, 0, 2, 4, 3, 6]
[(1, 5), (0, 1), (0, 2), (2, 4), (1, 3), (3, 6)]
[(0, 4), (1, 2), (1, 6), (5, 6)]
[5, 1, 6, 0, 2, 3, 4]
[(1, 5), (5, 6), (0, 1), (1, 2), (1, 3), (0, 4)]
[(0, 2), (1, 6), (2, 4), (3, 6)]
[(2, 4), (1, 6), (3, 6), (0, 4), (0, 1), (5, 6)]
[1, 0, 1, 0, 1, 0]
[(2, 4), (0, 4), (1, 6), (0, 1), (5, 6), (0, 2)]
[0, 1, 0, 1, 1, 0]

79
[(0, 2), (0, 4), (1, 4), (1, 5), (1, 6), (2, 3), (2, 4), (2, 6), (3, 5), (4, 5)]
5
[5, 1, 4, 0, 2, 3, 6]
[(1, 5), (1, 4), (0, 4), (0, 2), (2, 3), (2, 6)]
[(1, 6), (2, 4), (3, 5), (4, 5)]
[5, 1, 3, 4, 6, 2, 0]
[(1, 5), (3, 5), (4, 5), (1, 6), (2, 3), (0, 4)]
[(0, 2), (1, 4), (2, 4), (2, 6)]
[(0, 2), (0, 4), (1, 5), (1, 4), (4, 5), (2, 6)]
[1, 1, 1, 1, 0, 1]
[(3, 5), (1, 5), (1, 6), (2, 3), (2, 4), (4, 5)]
[1, 1, 1, 1, 0, 1]

80
[(0, 2), (0, 3), (0, 5), (0, 6), (1, 2), (1, 3), (1, 4), (1, 6), (2, 4), (3, 4), (4, 6)]
3
[3, 0, 2, 1, 4, 6, 5]
[(0, 3), (0, 2), (1, 2), (1, 4), (4, 6), (0, 5)]
[(0, 6), (1, 3), (1, 6), (2, 4), (3, 4)]
[3, 0, 1, 4, 2, 5, 6]
[(0, 3), (1, 3), (3, 4), (0, 2), (0, 5), (0, 6)]
[(1, 2), (1, 4), (1, 6), (2, 4), (4, 6)]
[(1, 3), (1, 6), (1, 4), (4, 6), (0, 2), (0, 5)]
[0, 0, 1, 1, 1, 1]
[(0, 6), (3, 4), (1, 6), (1, 2), (1, 3), (0, 2)]
[1, 1, 0, 0, 1, 1]

81
[(0, 1), (0, 2), (0, 3), (0, 4), (0, 5), (1, 2), (1, 3), (1, 5), (4, 5), (4, 6)]
1
[1, 0, 2, 3, 4, 5, 6]
[(0, 1), (0, 2), (0, 3), (0, 4), (4, 5), (4, 6)]
[(0, 5), (1, 2), (1, 3), (1, 5)]
[1, 0, 2, 3, 5, 4, 6]
[(0, 1), (1, 2), (1, 3), (1, 5), (0, 4), (4, 6)]
[(0, 2), (0, 3), (0, 5), (4, 5)]
[(0, 2), (1, 3), (0, 5), (4, 6), (1, 2), (0, 3)]
[1, 0, 0, 1, 0, 1]
[(0, 1), (1, 2), (4, 6), (1, 5), (0, 2), (1, 3)]
[1, 1, 1, 1, 0, 1]

82
[(0, 2), (0, 4), (1, 3), (1, 4), (3, 4), (3, 5), (3, 6), (4, 5), (4, 6), (5, 6)]
3
[3, 1, 4, 0, 2, 5, 6]
[(1, 3), (1, 4), (0, 4), (0, 2), (4, 5), (5, 6)]
[(3, 4), (3, 5), (3, 6), (4, 6)]
[3, 1, 4, 5, 6, 0, 2]
[(1, 3), (3, 4), (3, 5), (3, 6), (0, 4), (0, 2)]
[(1, 4), (4, 5), (4, 6), (5, 6)]
[(0, 4), (5, 6), (4, 5), (1, 4), (3, 4), (3, 5)]
[1, 1, 1, 1, 0, 0]
[(3, 4), (3, 6), (0, 4), (1, 4), (1, 3), (3, 5)]
[1, 1, 1, 0, 1, 1]

83
[(0, 1), (0, 3), (0, 6), (1, 3), (1, 4), (1, 6), (2, 3), (2, 6), (4, 5), (4, 6)]
5
[5, 4, 1, 0, 3, 2, 6]
[(4, 5), (1, 4), (0, 1), (0, 3), (2, 3), (2, 6)]
[(0, 6), (1, 3), (1, 6), (4, 6)]
[5, 4, 1, 6, 0, 3, 2]
[(4, 5), (1, 4), (4, 6), (0, 1), (1, 3), (2, 6)]
[(0, 3), (0, 6), (1, 6), (2, 3)]
[(0, 6), (2, 6), (1, 4), (1, 6), (1, 3), (0, 3)]
[0, 1, 1, 0, 0, 1]
[(2, 3), (4, 5), (1, 4), (0, 6), (1, 6), (4, 6)]
[0, 1, 1, 0, 0, 1]

84
[(0, 1), (0, 2), (1, 4), (1, 6), (2, 3), (2, 5), (3, 6), (4, 5), (4, 6)]
6
[6, 1, 0, 2, 3, 5, 4]
[(1, 6), (0, 1), (0, 2), (2, 3), (2, 5), (4, 5)]
[(1, 4), (3, 6), (4, 6)]
[6, 1, 3, 4, 0, 2, 5]
[(1, 6), (3, 6), (4, 6), (0, 1), (2, 3), (4, 5)]
[(0, 2), (1, 4), (2, 5)]
[(0, 2), (1, 4), (2, 3), (0, 1), (1, 6), (3, 6)]
[1, 0, 1, 1, 1, 0]
[(0, 1), (1, 4), (4, 6), (4, 5), (1, 6), (3, 6)]
[1, 0, 1, 1, 1, 1]

85
[(0, 1), (0, 2), (1, 3), (1, 4), (2, 3), (2, 4), (2, 6), (3, 4), (3, 5), (3, 6)]
3
[3, 1, 0, 2, 4, 6, 5]
[(1, 3), (0, 1), (0, 2), (2, 4), (2, 6), (3, 5)]
[(1, 4), (2, 3), (3, 4), (3, 6)]
[3, 1, 2, 4, 5, 6, 0]
[(1, 3), (2, 3), (3, 4), (3, 5), (3, 6), (0, 1)]
[(0, 2), (1, 4), (2, 4), (2, 6)]
[(3, 5), (3, 6), (2, 4), (1, 4), (2, 6), (3, 4)]
[1, 0, 1, 0, 1, 0]
[(1, 4), (3, 4), (2, 3), (1, 3), (0, 1), (3, 6)]
[0, 1, 1, 1, 1, 1]

86
[(0, 5), (0, 6), (1, 4), (2, 4), (2, 5), (2, 6), (3, 5), (3, 6), (5, 6)]
3
[3, 5, 0, 6, 2, 4, 1]
[(3, 5), (0, 5), (0, 6), (2, 6), (2, 4), (1, 4)]
[(2, 5), (3, 6), (5, 6)]
[3, 5, 6, 0, 2, 4, 1]
[(3, 5), (3, 6), (0, 5), (2, 5), (2, 4), (1, 4)]
[(0, 6), (2, 6), (5, 6)]
[(5, 6), (3, 5), (3, 6), (0, 5), (0, 6), (2, 5)]
[0, 1, 0, 1, 1, 0]
[(0, 6), (0, 5), (5, 6), (3, 5), (2, 5), (1, 4)]
[0, 1, 0, 1, 1, 1]

87
[(0, 1), (0, 2), (0, 3), (0, 4), (0, 6), (1, 3), (1, 4), (2, 3), (2, 6), (4, 6), (5, 6)]
6
[6, 0, 1, 3, 2, 4, 5]
[(0, 6), (0, 1), (1, 3), (2, 3), (1, 4), (5, 6)]
[(0, 2), (0, 3), (0, 4), (2, 6), (4, 6)]
[6, 0, 2, 4, 5, 1, 3]
[(0, 6), (2, 6), (4, 6), (5, 6), (0, 1), (0, 3)]
[(0, 2), (0, 4), (1, 3), (1, 4), (2, 3)]
[(0, 3), (0, 1), (2, 6), (1, 4), (0, 4), (1, 3)]
[0, 1, 0, 1, 0, 1]
[(0, 4), (4, 6), (5, 6), (0, 3), (0, 6), (0, 1)]
[0, 1, 1, 1, 1, 1]

88
[(0, 1), (0, 3), (0, 4), (1, 5), (1, 6), (2, 3), (2, 5), (3, 4), (3, 5), (3, 6)]
5
[5, 1, 0, 3, 2, 4, 6]
[(1, 5), (0, 1), (0, 3), (2, 3), (3, 4), (3, 6)]
[(0, 4), (1, 6), (2, 5), (3, 5)]
[5, 1, 2, 3, 0, 6, 4]
[(1, 5), (2, 5), (3, 5), (0, 1), (1, 6), (3, 4)]
[(0, 3), (0, 4), (2, 3), (3, 6)]
[(3, 6), (3, 4), (0, 1), (1, 5), (2, 5), (2, 3)]
[1, 1, 1, 1, 0, 1]
[(0, 4), (3, 5), (2, 5), (2, 3), (3, 4), (1, 6)]
[0, 1, 1, 0, 1, 1]

89
[(0, 1), (0, 3), (0, 6), (1, 2), (1, 5), (1, 6), (2, 5), (2, 6), (3, 4), (3, 5), (5, 6)]
2
[2, 1, 0, 3, 4, 5, 6]
[(1, 2), (0, 1), (0, 3), (3, 4), (3, 5), (5, 6)]
[(0, 6), (1, 5), (1, 6), (2, 5), (2, 6)]
[2, 1, 5, 6, 0, 3, 4]
[(1, 2), (2, 5), (2, 6), (0, 1), (3, 5), (3, 4)]
[(0, 3), (0, 6), (1, 5), (1, 6), (5, 6)]
[(0, 1), (0, 3), (2, 6), (3, 4), (5, 6), (2, 5)]
[1, 1, 0, 1, 1, 0]
[(3, 5), (0, 1), (1, 2), (1, 6), (2, 5), (2, 6)]
[1, 1, 1, 0, 1, 1]

90
[(0, 1), (0, 5), (1, 4), (1, 6), (2, 4), (2, 6), (3, 4), (3, 6), (4, 6), (5, 6)]
2
[2, 4, 1, 0, 5, 6, 3]
[(2, 4), (1, 4), (0, 1), (0, 5), (5, 6), (3, 6)]
[(1, 6), (2, 6), (3, 4), (4, 6)]
[2, 4, 6, 1, 3, 5, 0]
[(2, 4), (2, 6), (1, 4), (3, 4), (5, 6), (0, 1)]
[(0, 5), (1, 6), (3, 6), (4, 6)]
[(0, 5), (3, 6), (2, 4), (5, 6), (0, 1), (1, 6)]
[1, 1, 1, 1, 1, 0]
[(0, 5), (1, 6), (5, 6), (1, 4), (3, 4), (0, 1)]
[0, 0, 1, 1, 1, 1]

91
[(0, 2), (0, 5), (1, 2), (1, 3), (1, 5), (1, 6), (2, 5), (2, 6), (4, 5), (4, 6), (5, 6)]
3
[3, 1, 2, 0, 5, 4, 6]
[(1, 3), (1, 2), (0, 2), (0, 5), (4, 5), (4, 6)]
[(1, 5), (1, 6), (2, 5), (2, 6), (5, 6)]
[3, 1, 2, 5, 6, 0, 4]
[(1, 3), (1, 2), (1, 5), (1, 6), (0, 2), (4, 5)]
[(0, 5), (2, 5), (2, 6), (4, 6), (5, 6)]
[(4, 5), (1, 2), (5, 6), (1, 6), (0, 5), (1, 5)]
[1, 1, 0, 0, 1, 0]
[(1, 5), (4, 5), (1, 3), (4, 6), (0, 5), (2, 6)]
[1, 1, 1, 0, 0, 0]

92
[(0, 1), (0, 2), (1, 4), (1, 5), (2, 4), (2, 6), (3, 4), (3, 5), (3, 6), (4, 6)]
3
[3, 4, 1, 0, 2, 6, 5]
[(3, 4), (1, 4), (0, 1), (0, 2), (2, 6), (1, 5)]
[(2, 4), (3, 5), (3, 6), (4, 6)]
[3, 4, 5, 6, 1, 2, 0]
[(3, 4), (3, 5), (3, 6), (1, 4), (2, 4), (0, 1)]
[(0, 2), (1, 5), (2, 6), (4, 6)]
[(0, 2), (3, 4), (2, 4), (2, 6), (3, 6), (1, 4)]
[1, 1, 0, 1, 0, 1]
[(2, 4), (3, 6), (0, 2), (1, 4), (1, 5), (3, 5)]
[1, 1, 0, 1, 0, 1]

93
[(0, 1), (0, 3), (0, 4), (0, 5), (0, 6), (1, 5), (2, 3), (3, 5), (4, 5), (5, 6)]
1
[1, 0, 3, 2, 5, 4, 6]
[(0, 1), (0, 3), (2, 3), (3, 5), (4, 5), (5, 6)]
[(0, 4), (0, 5), (0, 6), (1, 5)]
[1, 0, 5, 3, 4, 6, 2]
[(0, 1), (1, 5), (0, 3), (0, 4), (0, 6), (2, 3)]
[(0, 5), (3, 5), (4, 5), (5, 6)]
[(0, 4), (1, 5), (0, 6), (4, 5), (3, 5), (0, 1)]
[0, 0, 0, 1, 1, 1]
[(0, 4), (1, 5), (5, 6), (0, 1), (0, 5), (0, 6)]
[1, 1, 0, 1, 0, 1]

94
[(0, 2), (0, 5), (0, 6), (1, 2), (1, 3), (1, 5), (2, 6), (3, 4), (3, 5), (4, 6)]
3
[3, 1, 2, 0, 5, 6, 4]
[(1, 3), (1, 2), (0, 2), (0, 5), (0, 6), (4, 6)]
[(1, 5), (2, 6), (3, 4), (3, 5)]
[3, 1, 4, 5, 2, 6, 0]
[(1, 3), (3, 4), (3, 5), (1, 2), (4, 6), (0, 5)]
[(0, 2), (0, 6), (1, 5), (2, 6)]
[(0, 5), (0, 2), (0, 6), (4, 6), (3, 4), (1, 3)]
[1, 1, 1, 1, 0, 1]
[(3, 5), (1, 2), (4, 6), (0, 5), (1, 3), (0, 6)]
[1, 1, 1, 1, 1, 0]

95
[(0, 1), (0, 2), (0, 4), (0, 6), (1, 2), (1, 4), (1, 5), (1, 6), (2, 5), (3, 5), (4, 6)]
6
[6, 0, 1, 2, 5, 3, 4]
[(0, 6), (0, 1), (1, 2), (2, 5), (3, 5), (1, 4)]
[(0, 2), (0, 4), (1, 5), (1, 6), (4, 6)]
[6, 0, 1, 4, 2, 5, 3]
[(0, 6), (1, 6), (4, 6), (0, 2), (1, 5), (3, 5)]
[(0, 1), (0, 4), (1, 2), (1, 4), (2, 5)]
[(0, 1), (3, 5), (1, 2), (1, 4), (2, 5), (4, 6)]
[1, 1, 1, 1, 1, 0]
[(4, 6), (1, 4), (0, 6), (0, 2), (3, 5), (1, 6)]
[1, 0, 1, 1, 1, 1]

96
[(0, 1), (0, 3), (0, 4), (0, 5), (0, 6), (1, 5), (1, 6), (2, 3), (2, 5)]
4
[4, 0, 1, 5, 2, 3, 6]
[(0, 4), (0, 1), (1, 5), (2, 5), (2, 3), (1, 6)]
[(0, 3), (0, 5), (0, 6)]
[4, 0, 1, 3, 5, 6, 2]
[(0, 4), (0, 1), (0, 3), (0, 5), (0, 6), (2, 3)]
[(1, 5), (1, 6), (2, 5)]
[(2, 3), (2, 5), (0, 5), (0, 3), (0, 6), (1, 6)]
[1, 1, 0, 0, 0, 1]
[(1, 6), (0, 5), (0, 3), (0, 6), (0, 4), (0, 1)]
[0, 1, 1, 1, 1, 1]

97
[(0, 1), (0, 4), (0, 5), (1, 5), (2, 4), (3, 4), (3, 5), (3, 6), (4, 6)]
1
[1, 0, 4, 2, 3, 5, 6]
[(0, 1), (0, 4), (2, 4), (3, 4), (3, 5), (3, 6)]
[(0, 5), (1, 5), (4, 6)]
[1, 0, 5, 4, 3, 2, 6]
[(0, 1), (1, 5), (0, 4), (3, 5), (2, 4), (4, 6)]
[(0, 5), (3, 4), (3, 6)]
[(3, 5), (3, 4), (4, 6), (3, 6), (0, 4), (1, 5)]
[1, 1, 0, 1, 1, 0]
[(3, 6), (3, 5), (1, 5), (0, 1), (4, 6), (2, 4)]
[0, 1, 1, 1, 1, 1]

98
[(0, 1), (0, 4), (1, 3), (1, 5), (1, 6), (2, 3), (2, 5), (2, 6), (3, 5), (3, 6), (5, 6)]
5
[5, 1, 0, 4, 3, 2, 6]
[(1, 5), (0, 1), (0, 4), (1, 3), (2, 3), (2, 6)]
[(1, 6), (2, 5), (3, 5), (3, 6), (5, 6)]
[5, 1, 2, 3, 6, 0, 4]
[(1, 5), (2, 5), (3, 5), (5, 6), (0, 1), (0, 4)]
[(1, 3), (1, 6), (2, 3), (2, 6), (3, 6)]
[(2, 6), (1, 5), (1, 3), (5, 6), (0, 1), (2, 3)]
[1, 1, 1, 0, 1, 1]
[(3, 5), (5, 6), (2, 5), (1, 5), (1, 3), (0, 4)]
[1, 1, 1, 1, 0, 1]

99
[(0, 1), (0, 2), (0, 5), (1, 2), (1, 3), (1, 4), (1, 6), (2, 5), (3, 5), (5, 6)]
3
[3, 1, 0, 2, 5, 6, 4]
[(1, 3), (0, 1), (0, 2), (2, 5), (5, 6), (1, 4)]
[(0, 5), (1, 2), (1, 6), (3, 5)]
[3, 1, 5, 0, 2, 4, 6]
[(1, 3), (3, 5), (0, 1), (1, 2), (1, 4), (1, 6)]
[(0, 2), (0, 5), (2, 5), (5, 6)]
[(1, 3), (5, 6), (2, 5), (1, 2), (0, 2), (0, 1)]
[1, 1, 1, 0, 1, 1]
[(5, 6), (3, 5), (1, 4), (1, 3), (0, 1), (1, 6)]
[0, 1, 1, 1, 1, 1]

100
[(0, 6), (1, 2), (1, 3), (1, 4), (1, 6), (2, 3), (2, 4), (2, 5), (3, 5), (3, 6)]
0
[0, 6, 1, 2, 3, 5, 4]
[(0, 6), (1, 6), (1, 2), (2, 3), (3, 5), (2, 4)]
[(1, 3), (1, 4), (2, 5), (3, 6)]
[0, 6, 1, 3, 2, 4, 5]
[(0, 6), (1, 6), (3, 6), (1, 2), (1, 4), (3, 5)]
[(1, 3), (2, 3), (2, 4), (2, 5)]
[(1, 6), (1, 3), (0, 6), (2, 3), (1, 2), (3, 5)]
[1, 0, 1, 1, 1, 1]
[(1, 6), (3, 5), (2, 5), (1, 2), (1, 3), (1, 4)]
[1, 1, 0, 1, 0, 1]

101
[(0, 1), (0, 4), (0, 5), (1, 5), (2, 5), (2, 6), (3, 5), (3, 6), (4, 6)]
5
[5, 0, 1, 4, 6, 2, 3]
[(0, 5), (0, 1), (0, 4), (4, 6), (2, 6), (3, 6)]
[(1, 5), (2, 5), (3, 5)]
[5, 0, 1, 2, 3, 4, 6]
[(0, 5), (1, 5), (2, 5), (3, 5), (0, 4), (2, 6)]
[(0, 1), (3, 6), (4, 6)]
[(3, 6), (0, 4), (2, 5), (4, 6), (0, 1), (0, 5)]
[1, 1, 0, 1, 1, 1]
[(3, 5), (0, 5), (0, 1), (3, 6), (1, 5), (0, 4)]
[1, 1, 0, 0, 1, 1]

102
[(0, 3), (0, 6), (1, 2), (1, 3), (1, 4), (2, 3), (2, 4), (2, 6), (3, 4), (3, 5)]
6
[6, 0, 3, 1, 2, 4, 5]
[(0, 6), (0, 3), (1, 3), (1, 2), (2, 4), (3, 5)]
[(1, 4), (2, 3), (2, 6), (3, 4)]
[6, 0, 2, 3, 1, 4, 5]
[(0, 6), (2, 6), (0, 3), (1, 2), (2, 4), (3, 5)]
[(1, 3), (1, 4), (2, 3), (3, 4)]
[(2, 4), (2, 6), (3, 5), (1, 4), (0, 6), (0, 3)]
[1, 0, 1, 0, 1, 1]
[(2, 4), (1, 3), (3, 4), (3, 5), (1, 4), (0, 6)]
[1, 0, 0, 1, 0, 1]

103
[(0, 1), (0, 2), (0, 3), (0, 6), (1, 2), (1, 6), (2, 6), (3, 4), (3, 5)]
4
[4, 3, 0, 1, 2, 6, 5]
[(3, 4), (0, 3), (0, 1), (1, 2), (2, 6), (3, 5)]
[(0, 2), (0, 6), (1, 6)]
[4, 3, 0, 5, 1, 2, 6]
[(3, 4), (0, 3), (3, 5), (0, 1), (0, 2), (0, 6)]
[(1, 2), (1, 6), (2, 6)]
[(3, 5), (0, 1), (0, 6), (3, 4), (2, 6), (0, 3)]
[1, 1, 0, 1, 1, 1]
[(0, 1), (3, 5), (1, 2), (1, 6), (0, 6), (3, 4)]
[1, 1, 0, 0, 1, 1]

104
[(0, 2), (0, 4), (1, 3), (1, 5), (1, 6), (2, 3), (2, 5), (3, 5), (4, 6), (5, 6)]
1
[1, 3, 2, 0, 4, 6, 5]
[(1, 3), (2, 3), (0, 2), (0, 4), (4, 6), (5, 6)]
[(1, 5), (1, 6), (2, 5), (3, 5)]
[1, 3, 5, 6, 2, 4, 0]
[(1, 3), (1, 5), (1, 6), (2, 3), (4, 6), (0, 2)]
[(0, 4), (2, 5), (3, 5), (5, 6)]
[(3, 5), (0, 2), (0, 4), (5, 6), (1, 3), (2, 3)]
[0, 1, 1, 1, 1, 1]
[(3, 5), (5, 6), (4, 6), (2, 3), (0, 4), (1, 5)]
[0, 0, 1, 1, 0, 1]

105
[(0, 2), (0, 5), (0, 6), (1, 5), (1, 6), (2, 3), (2, 4), (3, 4), (4, 5)]
5
[5, 0, 2, 3, 4, 6, 1]
[(0, 5), (0, 2), (2, 3), (3, 4), (0, 6), (1, 6)]
[(1, 5), (2, 4), (4, 5)]
[5, 0, 1, 4, 2, 6, 3]
[(0, 5), (1, 5), (4, 5), (0, 2), (0, 6), (3, 4)]
[(1, 6), (2, 3), (2, 4)]
[(0, 6), (4, 5), (1, 5), (2, 4), (2, 3), (0, 5)]
[1, 0, 0, 0, 1, 1]
[(4, 5), (2, 3), (2, 4), (1, 5), (0, 5), (0, 6)]
[1, 0, 0, 1, 1, 1]

106
[(0, 4), (0, 5), (1, 2), (1, 6), (2, 4), (2, 6), (3, 4), (3, 5), (5, 6)]
1
[1, 2, 4, 0, 5, 3, 6]
[(1, 2), (2, 4), (0, 4), (0, 5), (3, 5), (5, 6)]
[(1, 6), (2, 6), (3, 4)]
[1, 2, 6, 4, 5, 0, 3]
[(1, 2), (1, 6), (2, 4), (5, 6), (0, 4), (3, 4)]
[(0, 5), (2, 6), (3, 5)]
[(2, 4), (3, 5), (5, 6), (3, 4), (1, 6), (0, 4)]
[1, 1, 1, 0, 0, 1]
[(3, 4), (3, 5), (1, 6), (0, 4), (5, 6), (2, 4)]
[1, 0, 1, 1, 1, 1]

107
[(0, 1), (0, 3), (1, 3), (1, 5), (1, 6), (2, 3), (2, 4), (2, 5), (2, 6), (3, 5), (3, 6)]
5
[5, 1, 0, 3, 2, 4, 6]
[(1, 5), (0, 1), (0, 3), (2, 3), (2, 4), (2, 6)]
[(1, 3), (1, 6), (2, 5), (3, 5), (3, 6)]
[5, 1, 2, 3, 0, 6, 4]
[(1, 5), (2, 5), (3, 5), (0, 1), (1, 6), (2, 4)]
[(0, 3), (1, 3), (2, 3), (2, 6), (3, 6)]
[(2, 3), (2, 5), (0, 1), (2, 4), (1, 5), (1, 6)]
[1, 0, 1, 1, 1, 0]
[(0, 3), (3, 5), (1, 3), (1, 5), (0, 1), (1, 6)]
[0, 1, 0, 1, 1, 1]

108
[(0, 1), (0, 4), (0, 5), (0, 6), (1, 4), (1, 6), (2, 3), (2, 5), (4, 5), (4, 6)]
2
[2, 3, 5, 0, 1, 4, 6]
[(2, 3), (2, 5), (0, 5), (0, 1), (1, 4), (4, 6)]
[(0, 4), (0, 6), (1, 6), (4, 5)]
[2, 3, 5, 0, 4, 1, 6]
[(2, 3), (2, 5), (0, 5), (4, 5), (0, 1), (0, 6)]
[(0, 4), (1, 4), (1, 6), (4, 6)]
[(2, 5), (4, 6), (0, 4), (2, 3), (0, 1), (1, 4)]
[1, 1, 0, 1, 1, 1]
[(2, 5), (0, 6), (1, 6), (0, 1), (4, 5), (2, 3)]
[1, 1, 0, 1, 1, 1]

109
[(0, 1), (0, 5), (0, 6), (1, 2), (1, 4), (2, 3), (2, 6), (3, 6), (5, 6)]
1
[1, 0, 5, 6, 2, 3, 4]
[(0, 1), (0, 5), (5, 6), (2, 6), (2, 3), (1, 4)]
[(0, 6), (1, 2), (3, 6)]
[1, 0, 2, 4, 5, 6, 3]
[(0, 1), (1, 2), (1, 4), (0, 5), (0, 6), (2, 3)]
[(2, 6), (3, 6), (5, 6)]
[(3, 6), (1, 4), (0, 6), (2, 6), (0, 5), (2, 3)]
[0, 1, 0, 1, 1, 1]
[(0, 1), (1, 4), (1, 2), (2, 6), (3, 6), (5, 6)]
[1, 1, 1, 0, 0, 0]

110
[(0, 1), (0, 2), (0, 3), (2, 3), (2, 4), (3, 4), (3, 6), (4, 5), (5, 6)]
3
[3, 0, 1, 2, 4, 5, 6]
[(0, 3), (0, 1), (0, 2), (2, 4), (4, 5), (5, 6)]
[(2, 3), (3, 4), (3, 6)]
[3, 0, 2, 4, 6, 1, 5]
[(0, 3), (2, 3), (3, 4), (3, 6), (0, 1), (4, 5)]
[(0, 2), (2, 4), (5, 6)]
[(3, 6), (3, 4), (5, 6), (2, 4), (0, 1), (2, 3)]
[0, 0, 1, 1, 1, 0]
[(5, 6), (0, 1), (0, 2), (0, 3), (2, 3), (2, 4)]
[0, 1, 0, 1, 1, 0]

111
[(0, 3), (0, 6), (1, 2), (1, 4), (1, 6), (2, 3), (2, 4), (3, 5), (3, 6), (4, 6)]
4
[4, 1, 2, 3, 0, 6, 5]
[(1, 4), (1, 2), (2, 3), (0, 3), (0, 6), (3, 5)]
[(1, 6), (2, 4), (3, 6), (4, 6)]
[4, 1, 2, 6, 3, 0, 5]
[(1, 4), (2, 4), (4, 6), (2, 3), (0, 6), (3, 5)]
[(0, 3), (1, 2), (1, 6), (3, 6)]
[(3, 6), (0, 6), (0, 3), (1, 2), (1, 4), (3, 5)]
[0, 1, 1, 1, 1, 1]
[(4, 6), (3, 5), (2, 4), (2, 3), (0, 6), (0, 3)]
[1, 1, 1, 1, 1, 0]

112
[(0, 3), (0, 5), (1, 3), (1, 4), (2, 3), (2, 5), (3, 4), (3, 5), (3, 6), (4, 5), (5, 6)]
6
[6, 3, 0, 5, 2, 4, 1]
[(3, 6), (0, 3), (0, 5), (2, 5), (4, 5), (1, 4)]
[(1, 3), (2, 3), (3, 4), (3, 5), (5, 6)]
[6, 3, 5, 0, 1, 2, 4]
[(3, 6), (5, 6), (0, 3), (1, 3), (2, 3), (3, 4)]
[(0, 5), (1, 4), (2, 5), (3, 5), (4, 5)]
[(3, 5), (5, 6), (1, 3), (3, 6), (0, 3), (0, 5)]
[0, 0, 0, 1, 1, 1]
[(0, 3), (1, 4), (5, 6), (3, 4), (2, 3), (3, 6)]
[1, 0, 1, 1, 1, 1]

113
[(0, 1), (0, 2), (0, 3), (0, 4), (1, 4), (1, 6), (2, 3), (3, 4), (3, 6), (4, 5), (4, 6)]
0
[0, 1, 4, 3, 2, 6, 5]
[(0, 1), (1, 4), (3, 4), (2, 3), (3, 6), (4, 5)]
[(0, 2), (0, 3), (0, 4), (1, 6), (4, 6)]
[0, 1, 2, 3, 4, 6, 5]
[(0, 1), (0, 2), (0, 3), (0, 4), (1, 6), (4, 5)]
[(1, 4), (2, 3), (3, 4), (3, 6), (4, 6)]
[(1, 4), (0, 3), (3, 4), (2, 3), (0, 1), (3, 6)]
[1, 0, 1, 1, 1, 1]
[(4, 5), (3, 4), (0, 4), (3, 6), (0, 1), (1, 4)]
[1, 0, 1, 0, 1, 0]

114
[(0, 1), (0, 3), (0, 6), (1, 4), (1, 5), (1, 6), (2, 3), (2, 4), (2, 6), (3, 4)]
3
[3, 0, 1, 4, 2, 6, 5]
[(0, 3), (0, 1), (1, 4), (2, 4), (2, 6), (1, 5)]
[(0, 6), (1, 6), (2, 3), (3, 4)]
[3, 0, 2, 4, 1, 6, 5]
[(0, 3), (2, 3), (3, 4), (0, 1), (0, 6), (1, 5)]
[(1, 4), (1, 6), (2, 4), (2, 6)]
[(1, 4), (2, 3), (0, 3), (0, 1), (2, 6), (3, 4)]
[1, 0, 1, 1, 1, 0]
[(1, 4), (0, 1), (3, 4), (1, 5), (2, 3), (0, 3)]
[0, 1, 1, 1, 1, 1]

115
[(0, 3), (0, 4), (0, 5), (1, 2), (1, 3), (1, 5), (3, 4), (3, 5), (3, 6), (4, 6), (5, 6)]
2
[2, 1, 3, 0, 4, 6, 5]
[(1, 2), (1, 3), (0, 3), (0, 4), (4, 6), (5, 6)]
[(0, 5), (1, 5), (3, 4), (3, 5), (3, 6)]
[2, 1, 3, 5, 0, 4, 6]
[(1, 2), (1, 3), (1, 5), (0, 3), (3, 4), (3, 6)]
[(0, 4), (0, 5), (3, 5), (4, 6), (5, 6)]
[(5, 6), (1, 2), (0, 4), (1, 3), (3, 6), (4, 6)]
[1, 1, 1, 1, 0, 1]
[(4, 6), (1, 3), (0, 3), (5, 6), (0, 4), (3, 6)]
[0, 1, 1, 0, 0, 1]

116
[(0, 1), (1, 2), (1, 3), (1, 4), (1, 5), (1, 6), (2, 3), (2, 5), (3, 4), (3, 5), (4, 5)]
6
[6, 1, 0, 2, 3, 4, 5]
[(1, 6), (0, 1), (1, 2), (2, 3), (3, 4), (4, 5)]
[(1, 3), (1, 4), (1, 5), (2, 5), (3, 5)]
[6, 1, 0, 2, 3, 4, 5]
[(1, 6), (0, 1), (1, 2), (1, 3), (1, 4), (1, 5)]
[(2, 3), (2, 5), (3, 4), (3, 5), (4, 5)]
[(4, 5), (2, 3), (1, 6), (3, 5), (1, 4), (3, 4)]
[1, 1, 1, 0, 0, 1]
[(1, 2), (1, 5), (1, 3), (1, 4), (2, 5), (1, 6)]
[1, 1, 1, 1, 0, 1]

117
[(0, 2), (0, 4), (0, 5), (0, 6), (1, 2), (2, 4), (2, 5), (2, 6), (3, 4), (4, 6), (5, 6)]
3
[3, 4, 0, 2, 1, 5, 6]
[(3, 4), (0, 4), (0, 2), (1, 2), (2, 5), (5, 6)]
[(0, 5), (0, 6), (2, 4), (2, 6), (4, 6)]
[3, 4, 0, 2, 6, 5, 1]
[(3, 4), (0, 4), (2, 4), (4, 6), (0, 5), (1, 2)]
[(0, 2), (0, 6), (2, 5), (2, 6), (5, 6)]
[(0, 2), (4, 6), (1, 2), (0, 5), (0, 6), (5, 6)]
[1, 0, 1, 0, 0, 1]
[(4, 6), (2, 4), (1, 2), (0, 4), (2, 5), (3, 4)]
[1, 1, 1, 1, 0, 1]

118
[(0, 1), (0, 2), (0, 5), (0, 6), (1, 4), (1, 5), (1, 6), (3, 4), (3, 5), (3, 6), (4, 6)]
1
[1, 0, 2, 5, 3, 4, 6]
[(0, 1), (0, 2), (0, 5), (3, 5), (3, 4), (4, 6)]
[(0, 6), (1, 4), (1, 5), (1, 6), (3, 6)]
[1, 0, 4, 5, 6, 2, 3]
[(0, 1), (1, 4), (1, 5), (1, 6), (0, 2), (3, 4)]
[(0, 5), (0, 6), (3, 5), (3, 6), (4, 6)]
[(3, 6), (3, 5), (3, 4), (0, 2), (0, 5), (4, 6)]
[0, 1, 1, 1, 1, 1]
[(3, 4), (1, 4), (0, 1), (0, 2), (3, 5), (1, 5)]
[1, 1, 1, 1, 0, 1]

119
[(0, 2), (0, 4), (0, 6), (1, 4), (1, 6), (2, 4), (2, 6), (3, 5), (3, 6)]
6
[6, 0, 2, 4, 1, 3, 5]
[(0, 6), (0, 2), (2, 4), (1, 4), (3, 6), (3, 5)]
[(0, 4), (1, 6), (2, 6)]
[6, 0, 1, 2, 3, 4, 5]
[(0, 6), (1, 6), (2, 6), (3, 6), (0, 4), (3, 5)]
[(0, 2), (1, 4), (2, 4)]
[(1, 4), (0, 6), (3, 5), (2, 6), (0, 4), (3, 6)]
[1, 1, 1, 0, 0, 1]
[(3, 5), (2, 4), (3, 6), (0, 4), (0, 2), (1, 4)]
[1, 0, 1, 1, 0, 0]

120
[(0, 4), (0, 6), (1, 4), (1, 6), (2, 3), (2, 4), (2, 6), (3, 5), (5, 6)]
1
[1, 4, 0, 6, 2, 3, 5]
[(1, 4), (0, 4), (0, 6), (2, 6), (2, 3), (3, 5)]
[(1, 6), (2, 4), (5, 6)]
[1, 4, 6, 0, 2, 5, 3]
[(1, 4), (1, 6), (0, 4), (2, 4), (5, 6), (2, 3)]
[(0, 6), (2, 6), (3, 5)]
[(3, 5), (2, 3), (1, 6), (2, 6), (0, 6), (1, 4)]
[1, 1, 0, 1, 1, 1]
[(2, 6), (0, 6), (5, 6), (2, 3), (1, 4), (0, 4)]
[0, 0, 1, 1, 1, 1]

121
[(0, 3), (0, 4), (0, 5), (1, 3), (2, 3), (2, 6), (3, 6), (4, 6), (5, 6)]
0
[0, 3, 1, 2, 6, 4, 5]
[(0, 3), (1, 3), (2, 3), (2, 6), (4, 6), (5, 6)]
[(0, 4), (0, 5), (3, 6)]
[0, 3, 4, 5, 1, 2, 6]
[(0, 3), (0, 4), (0, 5), (1, 3), (2, 3), (3, 6)]
[(2, 6), (4, 6), (5, 6)]
[(2, 6), (5, 6), (0, 4), (0, 5), (2, 3), (3, 6)]
[1, 1, 0, 0, 1, 0]
[(0, 3), (2, 3), (0, 5), (3, 6), (5, 6), (0, 4)]
[1, 1, 1, 1, 0, 1]

122
[(0, 5), (0, 6), (1, 2), (1, 6), (2, 5), (3, 5), (3, 6), (4, 5), (4, 6), (5, 6)]
5
[5, 0, 6, 1, 2, 3, 4]
[(0, 5), (0, 6), (1, 6), (1, 2), (3, 6), (4, 6)]
[(2, 5), (3, 5), (4, 5), (5, 6)]
[5, 0, 2, 3, 4, 6, 1]
[(0, 5), (2, 5), (3, 5), (4, 5), (5, 6), (1, 2)]
[(0, 6), (1, 6), (3, 6), (4, 6)]
[(3, 6), (0, 5), (4, 6), (0, 6), (2, 5), (4, 5)]
[1, 1, 1, 1, 0, 0]
[(3, 6), (4, 5), (3, 5), (1, 6), (4, 6), (2, 5)]
[0, 1, 1, 0, 0, 1]

123
[(0, 1), (0, 3), (0, 4), (1, 2), (1, 6), (2, 6), (3, 4), (3, 6), (4, 6), (5, 6)]
4
[4, 0, 1, 2, 6, 3, 5]
[(0, 4), (0, 1), (1, 2), (2, 6), (3, 6), (5, 6)]
[(0, 3), (1, 6), (3, 4), (4, 6)]
[4, 0, 3, 6, 1, 2, 5]
[(0, 4), (3, 4), (4, 6), (0, 1), (2, 6), (5, 6)]
[(0, 3), (1, 2), (1, 6), (3, 6)]
[(1, 2), (0, 3), (0, 4), (4, 6), (0, 1), (5, 6)]
[1, 0, 1, 0, 1, 1]
[(0, 3), (0, 4), (1, 2), (1, 6), (4, 6), (3, 4)]
[0, 1, 0, 0, 1, 1]

124
[(0, 2), (0, 4), (0, 5), (1, 2), (1, 3), (1, 5), (1, 6), (2, 5), (2, 6), (3, 6), (5, 6)]
6
[6, 1, 2, 0, 4, 5, 3]
[(1, 6), (1, 2), (0, 2), (0, 4), (0, 5), (1, 3)]
[(1, 5), (2, 5), (2, 6), (3, 6), (5, 6)]
[6, 1, 2, 3, 5, 0, 4]
[(1, 6), (2, 6), (3, 6), (5, 6), (0, 2), (0, 4)]
[(0, 5), (1, 2), (1, 3), (1, 5), (2, 5)]
[(0, 5), (0, 4), (1, 6), (0, 2), (5, 6), (1, 5)]
[1, 1, 1, 1, 0, 0]
[(1, 6), (5, 6), (0, 4), (2, 5), (0, 2), (2, 6)]
[1, 1, 1, 0, 1, 1]

125
[(0, 1), (0, 3), (0, 6), (1, 3), (1, 5), (1, 6), (2, 4), (2, 6), (3, 6), (4, 6)]
0
[0, 1, 3, 6, 2, 4, 5]
[(0, 1), (1, 3), (3, 6), (2, 6), (2, 4), (1, 5)]
[(0, 3), (0, 6), (1, 6), (4, 6)]
[0, 1, 3, 6, 5, 2, 4]
[(0, 1), (0, 3), (0, 6), (1, 5), (2, 6), (4, 6)]
[(1, 3), (1, 6), (2, 4), (3, 6)]
[(0, 1), (2, 4), (1, 3), (4, 6), (1, 6), (2, 6)]
[1, 1, 1, 0, 0, 1]
[(0, 3), (1, 6), (3, 6), (0, 1), (4, 6), (1, 3)]
[1, 0, 0, 1, 1, 0]

126
[(0, 4), (0, 5), (0, 6), (1, 2), (1, 5), (1, 6), (2, 3), (3, 5), (3, 6)]
1
[1, 2, 3, 5, 0, 4, 6]
[(1, 2), (2, 3), (3, 5), (0, 5), (0, 4), (0, 6)]
[(1, 5), (1, 6), (3, 6)]
[1, 2, 5, 6, 3, 0, 4]
[(1, 2), (1, 5), (1, 6), (2, 3), (0, 5), (0, 4)]
[(0, 6), (3, 5), (3, 6)]
[(1, 5), (1, 6), (3, 5), (3, 6), (0, 5), (0, 6)]
[0, 0, 1, 0, 1, 1]
[(0, 6), (1, 2), (1, 6), (2, 3), (3, 6), (0, 4)]
[0, 1, 1, 1, 0, 1]

127
[(0, 1), (0, 2), (0, 3), (0, 6), (1, 4), (2, 4), (3, 5), (4, 5), (4, 6)]
6
[6, 0, 1, 4, 2, 5, 3]
[(0, 6), (0, 1), (1, 4), (2, 4), (4, 5), (3, 5)]
[(0, 2), (0, 3), (4, 6)]
[6, 0, 4, 1, 2, 3, 5]
[(0, 6), (4, 6), (0, 1), (0, 2), (0, 3), (4, 5)]
[(1, 4), (2, 4), (3, 5)]
[(4, 6), (0, 6), (0, 3), (4, 5), (0, 2), (2, 4)]
[0, 1, 0, 1, 0, 1]
[(3, 5), (4, 6), (0, 1), (1, 4), (0, 3), (2, 4)]
[0, 1, 1, 0, 1, 0]

128
[(0, 1), (0, 5), (0, 6), (1, 2), (1, 4), (2, 3), (2, 4), (2, 6), (3, 4), (4, 6)]
2
[2, 1, 0, 5, 6, 4, 3]
[(1, 2), (0, 1), (0, 5), (0, 6), (4, 6), (3, 4)]
[(1, 4), (2, 3), (2, 4), (2, 6)]
[2, 1, 3, 4, 6, 0, 5]
[(1, 2), (2, 3), (2, 4), (2, 6), (0, 1), (0, 5)]
[(0, 6), (1, 4), (3, 4), (4, 6)]
[(3, 4), (2, 4), (0, 1), (0, 6), (1, 2), (4, 6)]
[1, 0, 1, 1, 1, 1]
[(0, 5), (3, 4), (2, 6), (1, 4), (0, 1), (1, 2)]
[1, 0, 1, 0, 1, 1]

129
[(0, 1), (0, 5), (0, 6), (1, 5), (2, 4), (2, 5), (2, 6), (3, 6), (4, 5), (4, 6), (5, 6)]
5
[5, 0, 1, 6, 2, 4, 3]
[(0, 5), (0, 1), (0, 6), (2, 6), (2, 4), (3, 6)]
[(1, 5), (2, 5), (4, 5), (4, 6), (5, 6)]
[5, 0, 1, 2, 4, 6, 3]
[(0, 5), (1, 5), (2, 5), (4, 5), (5, 6), (3, 6)]
[(0, 1), (0, 6), (2, 4), (2, 6), (4, 6)]
[(2, 6), (2, 5), (2, 4), (4, 5), (0, 6), (0, 1)]
[1, 0, 1, 0, 1, 1]
[(2, 5), (2, 6), (1, 5), (0, 6), (3, 6), (4, 6)]
[1, 0, 1, 0, 1, 0]

130
[(0, 3), (0, 5), (1, 4), (1, 6), (2, 3), (2, 4), (3, 4), (3, 5), (4, 6)]
6
[6, 1, 4, 2, 3, 0, 5]
[(1, 6), (1, 4), (2, 4), (2, 3), (0, 3), (0, 5)]
[(3, 4), (3, 5), (4, 6)]
[6, 1, 4, 2, 3, 0, 5]
[(1, 6), (4, 6), (2, 4), (3, 4), (0, 3), (3, 5)]
[(0, 5), (1, 4), (2, 3)]
[(0, 3), (2, 3), (1, 4), (0, 5), (4, 6), (1, 6)]
[1, 1, 1, 1, 0, 1]
[(3, 4), (2, 4), (4, 6), (2, 3), (0, 3), (3, 5)]
[1, 1, 1, 0, 1, 1]

131
[(0, 2), (0, 3), (0, 4), (1, 2), (1, 4), (1, 6), (2, 5), (2, 6), (3, 5), (3, 6)]
5
[5, 2, 0, 3, 6, 1, 4]
[(2, 5), (0, 2), (0, 3), (3, 6), (1, 6), (1, 4)]
[(0, 4), (1, 2), (2, 6), (3, 5)]
[5, 2, 3, 0, 1, 6, 4]
[(2, 5), (3, 5), (0, 2), (1, 2), (2, 6), (0, 4)]
[(0, 3), (1, 4), (1, 6), (3, 6)]
[(3, 6), (0, 3), (1, 6), (1, 2), (2, 5), (0, 2)]
[1, 1, 1, 0, 1, 1]
[(1, 4), (3, 6), (1, 6), (0, 2), (1, 2), (0, 4)]
[0, 0, 0, 1, 1, 1]

132
[(0, 1), (1, 3), (1, 4), (1, 6), (2, 4), (2, 6), (3, 6), (4, 5), (4, 6), (5, 6)]
4
[4, 1, 0, 3, 6, 2, 5]
[(1, 4), (0, 1), (1, 3), (3, 6), (2, 6), (5, 6)]
[(1, 6), (2, 4), (4, 5), (4, 6)]
[4, 1, 2, 5, 6, 0, 3]
[(1, 4), (2, 4), (4, 5), (4, 6), (0, 1), (1, 3)]
[(1, 6), (2, 6), (3, 6), (5, 6)]
[(4, 5), (1, 3), (4, 6), (0, 1), (5, 6), (2, 4)]
[0, 1, 0, 1, 1, 0]
[(2, 4), (4, 5), (3, 6), (1, 6), (4, 6), (1, 4)]
[1, 1, 0, 0, 1, 1]

133
[(0, 2), (0, 3), (0, 4), (0, 6), (1, 3), (1, 4), (2, 3), (4, 6), (5, 6)]
4
[4, 0, 2, 3, 1, 6, 5]
[(0, 4), (0, 2), (2, 3), (1, 3), (0, 6), (5, 6)]
[(0, 3), (1, 4), (4, 6)]
[4, 0, 1, 6, 2, 3, 5]
[(0, 4), (1, 4), (4, 6), (0, 2), (0, 3), (5, 6)]
[(0, 6), (1, 3), (2, 3)]
[(4, 6), (2, 3), (0, 3), (0, 2), (5, 6), (0, 6)]
[0, 1, 0, 1, 1, 1]
[(0, 3), (5, 6), (1, 3), (0, 2), (0, 4), (1, 4)]
[1, 1, 0, 1, 1, 1]

134
[(0, 1), (0, 2), (1, 3), (1, 6), (2, 3), (2, 4), (2, 5), (2, 6), (4, 5)]
1
[1, 0, 2, 3, 4, 5, 6]
[(0, 1), (0, 2), (2, 3), (2, 4), (4, 5), (2, 6)]
[(1, 3), (1, 6), (2, 5)]
[1, 0, 3, 6, 2, 4, 5]
[(0, 1), (1, 3), (1, 6), (0, 2), (2, 4), (2, 5)]
[(2, 3), (2, 6), (4, 5)]
[(0, 1), (2, 3), (2, 5), (1, 6), (1, 3), (4, 5)]
[1, 1, 0, 0, 0, 1]
[(4, 5), (1, 3), (2, 5), (0, 1), (2, 6), (2, 4)]
[0, 1, 1, 1, 0, 1]

135
[(0, 5), (1, 3), (1, 4), (1, 5), (1, 6), (2, 3), (2, 5), (2, 6), (3, 6), (4, 6), (5, 6)]
6
[6, 1, 3, 2, 5, 0, 4]
[(1, 6), (1, 3), (2, 3), (2, 5), (0, 5), (1, 4)]
[(1, 5), (2, 6), (3, 6), (4, 6), (5, 6)]
[6, 1, 2, 3, 4, 5, 0]
[(1, 6), (2, 6), (3, 6), (4, 6), (5, 6), (0, 5)]
[(1, 3), (1, 4), (1, 5), (2, 3), (2, 5)]
[(4, 6), (2, 6), (2, 3), (1, 6), (2, 5), (5, 6)]
[0, 0, 1, 1, 1, 0]
[(0, 5), (5, 6), (1, 3), (1, 4), (3, 6), (2, 5)]
[1, 1, 0, 0, 1, 0]

136
[(0, 2), (1, 2), (1, 3), (1, 4), (2, 4), (2, 6), (3, 4), (3, 6), (4, 6), (5, 6)]
5
[5, 6, 2, 0, 1, 3, 4]
[(5, 6), (2, 6), (0, 2), (1, 2), (1, 3), (3, 4)]
[(1, 4), (2, 4), (3, 6), (4, 6)]
[5, 6, 2, 3, 4, 0, 1]
[(5, 6), (2, 6), (3, 6), (4, 6), (0, 2), (1, 2)]
[(1, 3), (1, 4), (2, 4), (3, 4)]
[(5, 6), (3, 4), (1, 3), (1, 2), (2, 6), (4, 6)]
[1, 1, 1, 1, 1, 0]
[(5, 6), (1, 2), (3, 6), (1, 3), (2, 6), (3, 4)]
[1, 1, 1, 0, 1, 0]

137
[(0, 1), (0, 4), (0, 5), (0, 6), (1, 5), (1, 6), (2, 3), (2, 5), (3, 6), (5, 6)]
4
[4, 0, 1, 5, 2, 3, 6]
[(0, 4), (0, 1), (1, 5), (2, 5), (2, 3), (3, 6)]
[(0, 5), (0, 6), (1, 6), (5, 6)]
[4, 0, 1, 5, 6, 2, 3]
[(0, 4), (0, 1), (0, 5), (0, 6), (2, 5), (3, 6)]
[(1, 5), (1, 6), (2, 3), (5, 6)]
[(2, 5), (3, 6), (2, 3), (0, 4), (0, 5), (0, 1)]
[1, 1, 1, 1, 0, 1]
[(3, 6), (2, 3), (5, 6), (2, 5), (0, 6), (0, 5)]
[1, 0, 0, 1, 1, 1]

138
[(0, 4), (0, 5), (0, 6), (1, 2), (1, 3), (1, 4), (3, 4), (4, 5), (4, 6)]
2
[2, 1, 3, 4, 0, 5, 6]
[(1, 2), (1, 3), (3, 4), (0, 4), (0, 5), (0, 6)]
[(1, 4), (4, 5), (4, 6)]
[2, 1, 3, 4, 0, 5, 6]
[(1, 2), (1, 3), (1, 4), (0, 4), (4, 5), (4, 6)]
[(0, 5), (0, 6), (3, 4)]
[(0, 6), (1, 4), (1, 2), (0, 5), (0, 4), (3, 4)]
[1, 0, 1, 1, 1, 1]
[(4, 6), (0, 6), (3, 4), (4, 5), (1, 2), (0, 5)]
[1, 0, 0, 1, 1, 0]

139
[(0, 1), (0, 6), (1, 4), (1, 5), (2, 4), (2, 6), (3, 4), (3, 6), (4, 6), (5, 6)]
4
[4, 1, 0, 6, 2, 3, 5]
[(1, 4), (0, 1), (0, 6), (2, 6), (3, 6), (5, 6)]
[(1, 5), (2, 4), (3, 4), (4, 6)]
[4, 1, 2, 3, 6, 0, 5]
[(1, 4), (2, 4), (3, 4), (4, 6), (0, 1), (1, 5)]
[(0, 6), (2, 6), (3, 6), (5, 6)]
[(4, 6), (1, 4), (0, 6), (2, 6), (5, 6), (3, 6)]
[0, 1, 1, 1, 1, 1]
[(0, 1), (3, 6), (0, 6), (1, 4), (5, 6), (3, 4)]
[1, 0, 0, 1, 0, 1]

140
[(0, 2), (0, 5), (1, 5), (1, 6), (2, 4), (3, 5), (3, 6), (4, 5), (5, 6)]
2
[2, 0, 5, 1, 6, 3, 4]
[(0, 2), (0, 5), (1, 5), (1, 6), (3, 6), (4, 5)]
[(2, 4), (3, 5), (5, 6)]
[2, 0, 4, 5, 1, 3, 6]
[(0, 2), (2, 4), (0, 5), (1, 5), (3, 5), (5, 6)]
[(1, 6), (3, 6), (4, 5)]
[(1, 6), (1, 5), (0, 2), (0, 5), (4, 5), (5, 6)]
[1, 1, 1, 1, 1, 0]
[(4, 5), (2, 4), (0, 5), (1, 5), (0, 2), (3, 5)]
[0, 1, 1, 1, 1, 1]

141
[(0, 2), (0, 4), (0, 5), (0, 6), (1, 3), (2, 4), (2, 5), (3, 4), (3, 5), (3, 6)]
1
[1, 3, 4, 0, 2, 5, 6]
[(1, 3), (3, 4), (0, 4), (0, 2), (2, 5), (0, 6)]
[(0, 5), (2, 4), (3, 5), (3, 6)]
[1, 3, 4, 5, 6, 0, 2]
[(1, 3), (3, 4), (3, 5), (3, 6), (0, 4), (2, 4)]
[(0, 2), (0, 5), (0, 6), (2, 5)]
[(2, 5), (3, 6), (0, 5), (0, 4), (1, 3), (3, 5)]
[1, 0, 0, 1, 1, 0]
[(3, 5), (2, 4), (3, 4), (0, 6), (0, 2), (3, 6)]
[1, 1, 1, 0, 0, 1]

142
[(0, 3), (0, 4), (0, 6), (1, 2), (2, 4), (3, 4), (3, 5), (4, 5), (4, 6), (5, 6)]
2
[2, 1, 4, 0, 3, 5, 6]
[(1, 2), (2, 4), (0, 4), (0, 3), (3, 5), (5, 6)]
[(0, 6), (3, 4), (4, 5), (4, 6)]
[2, 1, 4, 0, 3, 5, 6]
[(1, 2), (2, 4), (0, 4), (3, 4), (4, 5), (4, 6)]
[(0, 3), (0, 6), (3, 5), (5, 6)]
[(4, 6), (5, 6), (0, 4), (0, 3), (1, 2), (3, 4)]
[0, 1, 1, 1, 1, 0]
[(0, 4), (0, 3), (5, 6), (3, 5), (4, 6), (3, 4)]
[1, 0, 0, 0, 1, 1]

143
[(0, 1), (0, 5), (1, 2), (1, 4), (2, 3), (3, 4), (3, 6), (4, 5), (4, 6)]
5
[5, 0, 1, 2, 3, 4, 6]
[(0, 5), (0, 1), (1, 2), (2, 3), (3, 4), (4, 6)]
[(1, 4), (3, 6), (4, 5)]
[5, 0, 4, 1, 3, 6, 2]
[(0, 5), (4, 5), (0, 1), (3, 4), (4, 6), (1, 2)]
[(1, 4), (2, 3), (3, 6)]
[(1, 4), (0, 5), (4, 5), (3, 4), (1, 2), (0, 1)]
[0, 1, 0, 1, 1, 1]
[(4, 5), (4, 6), (3, 6), (1, 4), (2, 3), (0, 1)]
[1, 1, 0, 0, 0, 1]

144
[(0, 1), (0, 2), (0, 4), (1, 2), (1, 6), (3, 4), (3, 5), (3, 6), (4, 5), (5, 6)]
6
[6, 1, 0, 2, 4, 3, 5]
[(1, 6), (0, 1), (0, 2), (0, 4), (3, 4), (3, 5)]
[(1, 2), (3, 6), (4, 5), (5, 6)]
[6, 1, 3, 5, 0, 2, 4]
[(1, 6), (3, 6), (5, 6), (0, 1), (1, 2), (3, 4)]
[(0, 2), (0, 4), (3, 5), (4, 5)]
[(1, 6), (1, 2), (3, 5), (0, 1), (0, 2), (3, 4)]
[1, 0, 1, 1, 1, 1]
[(1, 6), (3, 4), (0, 1), (5, 6), (0, 2), (4, 5)]
[1, 1, 1, 1, 0, 0]

145
[(0, 1), (0, 2), (0, 3), (0, 5), (0, 6), (1, 2), (1, 4), (2, 3), (2, 4), (2, 6), (3, 5)]
0
[0, 1, 2, 3, 5, 4, 6]
[(0, 1), (1, 2), (2, 3), (3, 5), (2, 4), (2, 6)]
[(0, 2), (0, 3), (0, 5), (0, 6), (1, 4)]
[0, 1, 2, 3, 5, 6, 4]
[(0, 1), (0, 2), (0, 3), (0, 5), (0, 6), (1, 4)]
[(1, 2), (2, 3), (2, 4), (2, 6), (3, 5)]
[(1, 2), (0, 5), (0, 2), (2, 6), (0, 1), (2, 3)]
[1, 0, 0, 1, 1, 1]
[(1, 4), (0, 1), (2, 4), (1, 2), (0, 3), (0, 5)]
[1, 1, 0, 0, 1, 1]

146
[(0, 2), (0, 3), (0, 4), (0, 5), (1, 3), (1, 4), (1, 6), (2, 4), (3, 6), (4, 5)]
3
[3, 0, 2, 4, 1, 6, 5]
[(0, 3), (0, 2), (2, 4), (1, 4), (1, 6), (4, 5)]
[(0, 4), (0, 5), (1, 3), (3, 6)]
[3, 0, 1, 6, 2, 4, 5]
[(0, 3), (1, 3), (3, 6), (0, 2), (0, 4), (0, 5)]
[(1, 4), (1, 6), (2, 4), (4, 5)]
[(0, 3), (1, 4), (0, 5), (0, 2), (3, 6), (2, 4)]
[1, 1, 0, 1, 0, 1]
[(0, 4), (0, 2), (2, 4), (3, 6), (4, 5), (0, 3)]
[1, 1, 0, 1, 0, 1]

147
[(0, 1), (0, 4), (0, 6), (2, 4), (2, 6), (3, 4), (3, 6), (4, 5), (5, 6)]
2
[2, 4, 0, 1, 6, 3, 5]
[(2, 4), (0, 4), (0, 1), (0, 6), (3, 6), (5, 6)]
[(2, 6), (3, 4), (4, 5)]
[2, 4, 6, 0, 3, 5, 1]
[(2, 4), (2, 6), (0, 4), (3, 4), (4, 5), (0, 1)]
[(0, 6), (3, 6), (5, 6)]
[(3, 6), (0, 1), (5, 6), (0, 4), (2, 6), (0, 6)]
[1, 1, 1, 1, 0, 1]
[(2, 6), (0, 1), (0, 6), (5, 6), (0, 4), (2, 4)]
[1, 1, 0, 0, 1, 1]

148
[(0, 1), (0, 5), (1, 2), (1, 4), (1, 6), (2, 3), (2, 6), (3, 5), (3, 6), (4, 5)]
6
[6, 1, 0, 5, 3, 2, 4]
[(1, 6), (0, 1), (0, 5), (3, 5), (2, 3), (4, 5)]
[(1, 2), (1, 4), (2, 6), (3, 6)]
[6, 1, 2, 3, 0, 4, 5]
[(1, 6), (2, 6), (3, 6), (0, 1), (1, 4), (3, 5)]
[(0, 5), (1, 2), (2, 3), (4, 5)]
[(3, 6), (1, 2), (0, 5), (0, 1), (2, 6), (2, 3)]
[0, 0, 1, 1, 0, 1]
[(0, 1), (0, 5), (4, 5), (1, 6), (2, 6), (1, 4)]
[1, 0, 0, 1, 1, 1]

149
[(0, 1), (0, 3), (0, 4), (1, 2), (1, 3), (1, 4), (1, 5), (2, 3), (4, 5), (4, 6)]
5
[5, 1, 0, 3, 2, 4, 6]
[(1, 5), (0, 1), (0, 3), (2, 3), (0, 4), (4, 6)]
[(1, 2), (1, 3), (1, 4), (4, 5)]
[5, 1, 4, 0, 2, 3, 6]
[(1, 5), (4, 5), (0, 1), (1, 2), (1, 3), (4, 6)]
[(0, 3), (0, 4), (1, 4), (2, 3)]
[(4, 5), (0, 1), (1, 5), (4, 6), (0, 4), (2, 3)]
[0, 1, 1, 1, 1, 1]
[(1, 4), (1, 2), (0, 1), (4, 6), (1, 3), (1, 5)]
[0, 1, 1, 1, 1, 1]

