[
  [
    0,
    [
      [
        0,
        1
      ],
      [
        0,
        2
      ],
      [
        0,
        5
      ],
      [
        0,
        6
      ],
      [
        1,
        4
      ],
      [
        2,
        3
      ],
      [
        2,
        5
      ],
      [
        3,
        4
      ],
      [
        3,
        6
      ],
      [
        5,
        6
      ]
    ]
  ],
  [
    1,
    [
      [
        0,
        2
      ],
      [
        0,
        5
      ],
      [
        1,
        2
      ],
      [
        1,
        3
      ],
      [
        1,
        6
      ],
      [
        2,
        6
      ],
      [
        3,
        4
      ],
      [
        4,
        5
      ],
      [
        4,
        6
      ],
      [
        5,
        6
      ]
    ]
  ],
  [
    2,
    [
      [
        0,
        1
      ],
      [
        0,
        2
      ],
      [
        0,
        3
      ],
      [
        0,
        5
      ],
      [
        1,
        2
      ],
      [
        1,
        3
      ],
      [
        1,
        4
      ],
      [
        1,
        6
      ],
      [
        2,
        4
      ],
      [
        2,
        5
      ],
      [
        2,
        6
      ]
    ]
  ],
  [
    3,
    [
      [
        0,
        3
      ],
      [
        0,
        4
      ],
      [
        0,
        6
      ],
      [
        1,
        2
      ],
      [
        2,
        4
      ],
      [
        2,
        6
      ],
      [
        3,
        4
      ],
      [
        3,
        6
      ],
      [
        4,
        5
      ],
      [
        4,
        6
      ],
      [
        5,
        6
      ]
    ]
  ],
  [
    4,
    [
      [
        0,
        1
      ],
      [
        0,
        2
      ],
      [
        0,
        6
      ],
      [
        1,
        6
      ],
      [
        2,
        3
      ],
      [
        2,
        4
      ],
      [
        3,
        4
      ],
      [
        3,
        6
      ],
      [
        4,
        5
      ]
    ]
  ],
  [
    5,
    [
      [
        0,
        1
      ],
      [
        0,
        2
      ],
      [
        0,
        5
      ],
      [
        1,
        4
      ],
      [
        1,
        5
      ],
      [
        2,
        4
      ],
      [
        2,
        5
      ],
      [
        2,
        6
      ],
      [
        3,
        5
      ],
      [
        4,
        5
      ]
    ]
  ],
  [
    6,
    [
      [
        0,
        2
      ],
      [
        0,
        3
      ],
      [
        0,
        5
      ],
      [
        1,
        3
      ],
      [
        1,
        4
      ],
      [
        1,
        6
      ],
      [
        2,
        3
      ],
      [
        2,
        6
      ],
      [
        3,
        4
      ],
      [
        5,
        6
      ]
    ]
  ],
  [
    7,
    [
      [
        0,
        3
      ],
      [
        0,
        4
      ],
      [
        0,
        5
      ],
      [
        1,
        4
      ],
      [
        2,
        4
      ],
      [
        2,
        5
      ],
      [
        3,
        4
      ],
      [
        3,
        5
      ],
      [
        4,
        5
      ],
      [
        5,
        6
      ]
    ]
  ],
  [
    8,
    [
      [
        0,
        2
      ],
      [
        0,
        4
      ],
      [
        0,
        5
      ],
      [
        1,
        2
      ],
      [
        1,
        4
      ],
      [
        1,
        5
      ],
      [
        2,
        6
      ],
      [
        3,
        6
      ],
      [
        4,
        5
      ],
      [
        5,
        6
      ]
    ]
  ],
  [
    9,
    [
      [
        0,
        2
      ],
      [
        0,
        4
      ],
      [
        0,
        6
      ],
      [
        1,
        2
      ],
      [
        1,
        4
      ],
      [
        1,
        5
      ],
      [
        1,
        6
      ],
      [
        2,
        3
      ],
      [
        3,
        4
      ],
      [
        4,
        5
      ]
    ]
  ],
  [
    10,
    [
      [
        0,
        3
      ],
      [
        0,
        6
      ],
      [
        1,
        2
      ],
      [
        1,
        3
      ],
      [
        1,
        5
      ],
      [
        2,
        4
      ],
      [
        2,
        5
      ],
      [
        3,
        6
      ],
      [
        4,
        5
      ]
    ]
  ],
  [
    11,
    [
      [
        0,
        1
      ],
      [
        0,
        2
      ],
      [
        0,
        4
      ],
      [
        1,
        2
      ],
      [
        1,
        4
      ],
      [
        2,
        3
      ],
      [
        2,
        4
      ],
      [
        2,
        5
      ],
      [
        2,
        6
      ],
      [
        5,
        6
      ]
    ]
  ],
  [
    12,
    [
      [
        0,
        6
      ],
      [
        1,
        2
      ],
      [
        1,
        3
      ],
      [
        1,
        6
      ],
      [
        2,
        3
      ],
      [
        2,
        4
      ],
      [
        2,
        5
      ],
      [
        3,
        5
      ],
      [
        3,
        6
      ],
      [
        4,
        6
      ]
    ]
  ],
  [
    13,
    [
      [
        0,
        1
      ],
      [
        0,
        2
      ],
      [
        0,
        3
      ],
      [
        1,
        2
      ],
      [
        1,
        5
      ],
      [
        2,
        4
      ],
      [
        2,
        5
      ],
      [
        2,
        6
      ],
      [
        3,
        4
      ],
      [
        3,
        5
      ]
    ]
  ],
  [
    14,
    [
      [
        0,
        1
      ],
      [
        0,
        4
      ],
      [
        1,
        5
      ],
      [
        1,
        6
      ],
      [
        2,
        3
      ],
      [
        2,
        4
      ],
      [
        3,
        5
      ],
      [
        3,
        6
      ],
      [
        4,
        5
      ],
      [
        4,
        6
      ]
    ]
  ],
  [
    15,
    [
      [
        0,
        2
      ],
      [
        0,
        4
      ],
      [
        0,
        6
      ],
      [
        1,
        3
      ],
      [
        1,
        6
      ],
      [
        2,
        4
      ],
      [
        3,
        5
      ],
      [
        3,
        6
      ],
      [
        5,
        6
      ]
    ]
  ],
  [
    16,
    [
      [
        0,
        1
      ],
      [
        0,
        2
      ],
      [
        0,
        4
      ],
      [
        0,
        6
      ],
      [
        1,
        2
      ],
      [
        1,
        4
      ],
      [
        1,
        6
      ],
      [
        2,
        5
      ],
      [
        3,
        6
      ],
      [
        4,
        5
      ],
      [
        4,
        6
      ]
    ]
  ],
  [
    17,
    [
      [
        0,
        3
      ],
      [
        0,
        5
      ],
      [
        0,
        6
      ],
      [
        1,
        4
      ],
      [
        1,
        5
      ],
      [
        2,
        5
      ],
      [
        3,
        5
      ],
      [
        4,
        5
      ],
      [
        4,
        6
      ],
      [
        5,
        6
      ]
    ]
  ],
  [
    18,
    [
      [
        0,
        1
      ],
      [
        0,
        3
      ],
      [
        0,
        4
      ],
      [
        0,
        5
      ],
      [
        1,
        6
      ],
      [
        2,
        3
      ],
      [
        3,
        6
      ],
      [
        4,
        5
      ],
      [
        4,
        6
      ],
      [
        5,
        6
      ]
    ]
  ],
  [
    19,
    [
      [
        0,
        1
      ],
      [
        0,
        4
      ],
      [
        1,
        5
      ],
      [
        1,
        6
      ],
      [
        2,
        3
      ],
      [
        2,
        4
      ],
      [
        3,
        6
      ],
      [
        4,
        5
      ],
      [
        5,
        6
      ]
    ]
  ],
  [
    20,
    [
      [
        0,
        2
      ],
      [
        0,
        3
      ],
      [
        0,
        6
      ],
      [
        1,
        2
      ],
      [
        1,
        3
      ],
      [
        2,
        4
      ],
      [
        2,
        6
      ],
      [
        3,
        4
      ],
      [
        3,
        5
      ],
      [
        3,
        6
      ],
      [
        4,
        6
      ]
    ]
  ],
  [
    21,
    [
      [
        0,
        2
      ],
      [
        0,
        4
      ],
      [
        1,
        2
      ],
      [
        1,
        3
      ],
      [
        1,
        4
      ],
      [
        1,
        6
      ],
      [
        3,
        4
      ],
      [
        3,
        5
      ],
      [
        4,
        6
      ],
      [
        5,
        6
      ]
    ]
  ],
  [
    22,
    [
      [
        0,
        2
      ],
      [
        0,
        3
      ],
      [
        0,
        4
      ],
      [
        0,
        6
      ],
      [
        1,
        3
      ],
      [
        1,
        5
      ],
      [
        1,
        6
      ],
      [
        3,
        5
      ],
      [
        3,
        6
      ],
      [
        4,
        6
      ],
      [
        5,
        6
      ]
    ]
  ],
  [
    23,
    [
      [
        0,
        1
      ],
      [
        0,
        3
      ],
      [
        0,
        4
      ],
      [
        0,
        5
      ],
      [
        1,
        2
      ],
      [
        1,
        4
      ],
      [
        1,
        5
      ],
      [
        1,
        6
      ],
      [
        3,
        5
      ],
      [
        4,
        5
      ],
      [
        4,
        6
      ]
    ]
  ],
  [
    24,
    [
      [
        0,
        1
      ],
      [
        0,
        2
      ],
      [
        0,
        6
      ],
      [
        1,
        4
      ],
      [
        1,
        6
      ],
      [
        2,
        3
      ],
      [
        2,
        6
      ],
      [
        4,
        5
      ],
      [
        4,
        6
      ],
      [
        5,
        6
      ]
    ]
  ],
  [
    25,
    [
      [
        0,
        3
      ],
      [
        0,
        4
      ],
      [
        0,
        5
      ],
      [
        1,
        5
      ],
      [
        1,
        6
      ],
      [
        2,
        5
      ],
      [
        2,
        6
      ],
      [
        3,
        4
      ],
      [
        3,
        5
      ],
      [
        4,
        5
      ]
    ]
  ],
  [
    26,
    [
      [
        0,
        4
      ],
      [
        1,
        3
      ],
      [
        1,
        4
      ],
      [
        1,
        5
      ],
      [
        2,
        3
      ],
      [
        2,
        4
      ],
      [
        3,
        6
      ],
      [
        4,
        6
      ],
      [
        5,
        6
      ]
    ]
  ],
  [
    27,
    [
      [
        0,
        3
      ],
      [
        0,
        4
      ],
      [
        0,
        6
      ],
      [
        1,
        3
      ],
      [
        1,
        5
      ],
      [
        1,
        6
      ],
      [
        2,
        3
      ],
      [
        3,
        5
      ],
      [
        3,
        6
      ],
      [
        4,
        5
      ]
    ]
  ],
  [
    28,
    [
      [
        0,
        2
      ],
      [
        0,
        5
      ],
      [
        1,
        5
      ],
      [
        2,
        3
      ],
      [
        2,
        4
      ],
      [
        2,
        5
      ],
      [
        3,
        6
      ],
      [
        4,
        5
      ],
      [
        5,
        6
      ]
    ]
  ],
  [
    29,
    [
      [
        0,
        3
      ],
      [
        0,
        4
      ],
      [
        0,
        5
      ],
      [
        0,
        6
      ],
      [
        1,
        3
      ],
      [
        1,
        4
      ],
      [
        2,
        3
      ],
      [
        2,
        4
      ],
      [
        3,
        4
      ],
      [
        4,
        5
      ],
      [
        4,
        6
      ]
    ]
  ],
  [
    30,
    [
      [
        0,
        5
      ],
      [
        1,
        3
      ],
      [
        1,
        4
      ],
      [
        2,
        3
      ],
      [
        2,
        6
      ],
      [
        3,
        4
      ],
      [
        3,
        5
      ],
      [
        4,
        5
      ],
      [
        4,
        6
      ],
      [
        5,
        6
      ]
    ]
  ],
  [
    31,
    [
      [
        0,
        1
      ],
      [
        0,
        2
      ],
      [
        0,
        3
      ],
      [
        0,
        4
      ],
      [
        0,
        5
      ],
      [
        0,
        6
      ],
      [
        1,
        4
      ],
      [
        2,
        4
      ],
      [
        2,
        6
      ],
      [
        3,
        5
      ]
    ]
  ],
  [
    32,
    [
      [
        0,
        4
      ],
      [
        0,
        5
      ],
      [
        1,
        2
      ],
      [
        1,
        3
      ],
      [
        1,
        6
      ],
      [
        3,
        5
      ],
      [
        3,
        6
      ],
      [
        4,
        5
      ],
      [
        5,
        6
      ]
    ]
  ],
  [
    33,
    [
      [
        0,
        1
      ],
      [
        0,
        2
      ],
      [
        0,
        3
      ],
      [
        1,
        5
      ],
      [
        2,
        3
      ],
      [
        2,
        5
      ],
      [
        2,
        6
      ],
      [
        3,
        5
      ],
      [
        4,
        5
      ],
      [
        4,
        6
      ]
    ]
  ],
  [
    34,
    [
      [
        0,
        2
      ],
      [
        0,
        3
      ],
      [
        0,
        5
      ],
      [
        0,
        6
      ],
      [
        1,
        3
      ],
      [
        1,
        4
      ],
      [
        2,
        5
      ],
      [
        2,
        6
      ],
      [
        3,
        6
      ]
    ]
  ],
  [
    35,
    [
      [
        0,
        3
      ],
      [
        0,
        4
      ],
      [
        0,
        5
      ],
      [
        0,
        6
      ],
      [
        1,
        3
      ],
      [
        2,
        3
      ],
      [
        2,
        5
      ],
      [
        4,
        5
      ],
      [
        4,
        6
      ]
    ]
  ],
  [
    36,
    [
      [
        0,
        1
      ],
      [
        0,
        2
      ],
      [
        0,
        3
      ],
      [
        1,
        2
      ],
      [
        1,
        3
      ],
      [
        1,
        5
      ],
      [
        2,
        3
      ],
      [
        3,
        5
      ],
      [
        4,
        5
      ],
      [
        5,
        6
      ]
    ]
  ],
  [
    37,
    [
      [
        0,
        2
      ],
      [
        0,
        4
      ],
      [
        0,
        5
      ],
      [
        1,
        3
      ],
      [
        1,
        4
      ],
      [
        1,
        6
      ],
      [
        2,
        5
      ],
      [
        3,
        4
      ],
      [
        4,
        5
      ],
      [
        5,
        6
      ]
    ]
  ],
  [
    38,
    [
      [
        0,
        1
      ],
      [
        0,
        6
      ],
      [
        1,
        2
      ],
      [
        1,
        3
      ],
      [
        1,
        4
      ],
      [
        1,
        6
      ],
      [
        2,
        6
      ],
      [
        3,
        6
      ],
      [
        4,
        6
      ],
      [
        5,
        6
      ]
    ]
  ],
  [
    39,
    [
      [
        0,
        1
      ],
      [
        0,
        5
      ],
      [
        0,
        6
      ],
      [
        1,
        4
      ],
      [
        1,
        5
      ],
      [
        2,
        4
      ],
      [
        2,
        5
      ],
      [
        2,
        6
      ],
      [
        3,
        5
      ],
      [
        4,
        5
      ],
      [
        5,
        6
      ]
    ]
  ],
  [
    40,
    [
      [
        0,
        2
      ],
      [
        1,
        2
      ],
      [
        1,
        3
      ],
      [
        1,
        4
      ],
      [
        1,
        6
      ],
      [
        2,
        4
      ],
      [
        2,
        5
      ],
      [
        2,
        6
      ],
      [
        3,
        4
      ],
      [
        3,
        6
      ],
      [
        4,
        6
      ]
    ]
  ],
  [
    41,
    [
      [
        0,
        2
      ],
      [
        0,
        3
      ],
      [
        1,
        3
      ],
      [
        1,
        4
      ],
      [
        2,
        5
      ],
      [
        2,
        6
      ],
      [
        3,
        4
      ],
      [
        3,
        5
      ],
      [
        3,
        6
      ],
      [
        5,
        6
      ]
    ]
  ],
  [
    42,
    [
      [
        0,
        1
      ],
      [
        1,
        3
      ],
      [
        1,
        4
      ],
      [
        1,
        5
      ],
      [
        1,
        6
      ],
      [
        2,
        3
      ],
      [
        2,
        5
      ],
      [
        3,
        6
      ],
      [
        4,
        5
      ]
    ]
  ],
  [
    43,
    [
      [
        0,
        2
      ],
      [
        0,
        3
      ],
      [
        0,
        4
      ],
      [
        0,
        5
      ],
      [
        0,
        6
      ],
      [
        1,
        5
      ],
      [
        1,
        6
      ],
      [
        2,
        6
      ],
      [
        3,
        6
      ],
      [
        4,
        5
      ]
    ]
  ],
  [
    44,
    [
      [
        0,
        4
      ],
      [
        0,
        5
      ],
      [
        1,
        2
      ],
      [
        1,
        4
      ],
      [
        1,
        5
      ],
      [
        1,
        6
      ],
      [
        2,
        6
      ],
      [
        3,
        6
      ],
      [
        4,
        6
      ]
    ]
  ],
  [
    45,
    [
      [
        0,
        1
      ],
      [
        0,
        3
      ],
      [
        0,
        5
      ],
      [
        1,
        3
      ],
      [
        2,
        3
      ],
      [
        2,
        5
      ],
      [
        2,
        6
      ],
      [
        3,
        4
      ],
      [
        4,
        5
      ],
      [
        5,
        6
      ]
    ]
  ],
  [
    46,
    [
      [
        0,
        1
      ],
      [
        0,
        3
      ],
      [
        0,
        4
      ],
      [
        0,
        6
      ],
      [
        1,
        2
      ],
      [
        1,
        4
      ],
      [
        1,
        5
      ],
      [
        3,
        4
      ],
      [
        3,
        6
      ],
      [
        5,
        6
      ]
    ]
  ],
  [
    47,
    [
      [
        0,
        4
      ],
      [
        0,
        5
      ],
      [
        0,
        6
      ],
      [
        1,
        4
      ],
      [
        1,
        6
      ],
      [
        2,
        3
      ],
      [
        3,
        4
      ],
      [
        3,
        5
      ],
      [
        4,
        6
      ],
      [
        5,
        6
      ]
    ]
  ],
  [
    48,
    [
      [
        0,
        1
      ],
      [
        0,
        2
      ],
      [
        0,
        3
      ],
      [
        0,
        5
      ],
      [
        0,
        6
      ],
      [
        1,
        3
      ],
      [
        1,
        4
      ],
      [
        1,
        5
      ],
      [
        1,
        6
      ],
      [
        2,
        3
      ],
      [
        2,
        5
      ]
    ]
  ],
  [
    49,
    [
      [
        0,
        2
      ],
      [
        1,
        2
      ],
      [
        1,
        3
      ],
      [
        1,
        5
      ],
      [
        1,
        6
      ],
      [
        2,
        3
      ],
      [
        2,
        4
      ],
      [
        2,
        6
      ],
      [
        3,
        6
      ],
      [
        4,
        6
      ]
    ]
  ],
  [
    50,
    [
      [
        0,
        3
      ],
      [
        0,
        5
      ],
      [
        0,
        6
      ],
      [
        1,
        3
      ],
      [
        1,
        4
      ],
      [
        1,
        5
      ],
      [
        1,
        6
      ],
      [
        2,
        3
      ],
      [
        2,
        5
      ],
      [
        2,
        6
      ],
      [
        5,
        6
      ]
    ]
  ],
  [
    51,
    [
      [
        0,
        5
      ],
      [
        1,
        2
      ],
      [
        1,
        3
      ],
      [
        1,
        4
      ],
      [
        1,
        5
      ],
      [
        2,
        4
      ],
      [
        3,
        4
      ],
      [
        3,
        6
      ],
      [
        4,
        5
      ],
      [
        4,
        6
      ]
    ]
  ],
  [
    52,
    [
      [
        0,
        2
      ],
      [
        0,
        3
      ],
      [
        0,
        4
      ],
      [
        0,
        5
      ],
      [
        1,
        3
      ],
      [
        1,
        4
      ],
      [
        1,
        5
      ],
      [
        3,
        5
      ],
      [
        3,
        6
      ],
      [
        4,
        5
      ],
      [
        4,
        6
      ]
    ]
  ],
  [
    53,
    [
      [
        0,
        3
      ],
      [
        0,
        4
      ],
      [
        0,
        5
      ],
      [
        1,
        4
      ],
      [
        1,
        5
      ],
      [
        2,
        6
      ],
      [
        3,
        4
      ],
      [
        3,
        5
      ],
      [
        3,
        6
      ],
      [
        4,
        5
      ],
      [
        4,
        6
      ]
    ]
  ],
  [
    54,
    [
      [
        0,
        1
      ],
      [
        0,
        2
      ],
      [
        0,
        5
      ],
      [
        1,
        4
      ],
      [
        1,
        6
      ],
      [
        2,
        3
      ],
      [
        2,
        5
      ],
      [
        3,
        6
      ],
      [
        4,
        6
      ],
      [
        5,
        6
      ]
    ]
  ],
  [
    55,
    [
      [
        0,
        3
      ],
      [
        0,
        6
      ],
      [
        1,
        4
      ],
      [
        1,
        6
      ],
      [
        2,
        4
      ],
      [
        2,
        5
      ],
      [
        3,
        4
      ],
      [
        3,
        6
      ],
      [
        4,
        6
      ]
    ]
  ],
  [
    56,
    [
      [
        0,
        2
      ],
      [
        0,
        3
      ],
      [
        0,
        5
      ],
      [
        1,
        3
      ],
      [
        2,
        3
      ],
      [
        2,
        4
      ],
      [
        3,
        4
      ],
      [
        3,
        5
      ],
      [
        3,
        6
      ],
      [
        4,
        5
      ]
    ]
  ],
  [
    57,
    [
      [
        0,
        1
      ],
      [
        0,
        3
      ],
      [
        0,
        4
      ],
      [
        0,
        5
      ],
      [
        0,
        6
      ],
      [
        1,
        5
      ],
      [
        2,
        6
      ],
      [
        3,
        4
      ],
      [
        4,
        5
      ]
    ]
  ],
  [
    58,
    [
      [
        0,
        1
      ],
      [
        0,
        2
      ],
      [
        0,
        4
      ],
      [
        1,
        4
      ],
      [
        1,
        5
      ],
      [
        1,
        6
      ],
      [
        2,
        3
      ],
      [
        2,
        5
      ],
      [
        3,
        5
      ],
      [
        5,
        6
      ]
    ]
  ],
  [
    59,
    [
      [
        0,
        1
      ],
      [
        0,
        3
      ],
      [
        0,
        6
      ],
      [
        1,
        2
      ],
      [
        1,
        4
      ],
      [
        1,
        6
      ],
      [
        2,
        5
      ],
      [
        3,
        4
      ],
      [
        4,
        6
      ]
    ]
  ],
  [
    60,
    [
      [
        0,
        2
      ],
      [
        0,
        3
      ],
      [
        1,
        2
      ],
      [
        1,
        4
      ],
      [
        1,
        5
      ],
      [
        1,
        6
      ],
      [
        3,
        4
      ],
      [
        4,
        5
      ],
      [
        4,
        6
      ]
    ]
  ],
  [
    61,
    [
      [
        0,
        2
      ],
      [
        0,
        3
      ],
      [
        0,
        4
      ],
      [
        0,
        6
      ],
      [
        1,
        2
      ],
      [
        1,
        3
      ],
      [
        1,
        6
      ],
      [
        2,
        4
      ],
      [
        3,
        6
      ],
      [
        4,
        6
      ],
      [
        5,
        6
      ]
    ]
  ],
  [
    62,
    [
      [
        0,
        1
      ],
      [
        0,
        2
      ],
      [
        0,
        3
      ],
      [
        0,
        4
      ],
      [
        0,
        5
      ],
      [
        0,
        6
      ],
      [
        1,
        5
      ],
      [
        2,
        5
      ],
      [
        2,
        6
      ],
      [
        3,
        4
      ],
      [
        5,
        6
      ]
    ]
  ],
  [
    63,
    [
      [
        0,
        2
      ],
      [
        0,
        5
      ],
      [
        1,
        6
      ],
      [
        2,
        3
      ],
      [
        2,
        4
      ],
      [
        2,
        5
      ],
      [
        3,
        6
      ],
      [
        4,
        5
      ],
      [
        5,
        6
      ]
    ]
  ],
  [
    64,
    [
      [
        0,
        1
      ],
      [
        0,
        3
      ],
      [
        0,
        6
      ],
      [
        1,
        2
      ],
      [
        1,
        5
      ],
      [
        2,
        3
      ],
      [
        3,
        6
      ],
      [
        4,
        5
      ],
      [
        5,
        6
      ]
    ]
  ],
  [
    65,
    [
      [
        0,
        4
      ],
      [
        0,
        5
      ],
      [
        0,
        6
      ],
      [
        1,
        2
      ],
      [
        1,
        3
      ],
      [
        1,
        5
      ],
      [
        1,
        6
      ],
      [
        2,
        3
      ],
      [
        2,
        5
      ]
    ]
  ],
  [
    66,
    [
      [
        0,
        1
      ],
      [
        0,
        3
      ],
      [
        0,
        6
      ],
      [
        1,
        3
      ],
      [
        1,
        4
      ],
      [
        2,
        3
      ],
      [
        2,
        5
      ],
      [
        3,
        5
      ],
      [
        3,
        6
      ]
    ]
  ],
  [
    67,
    [
      [
        0,
        1
      ],
      [
        0,
        3
      ],
      [
        0,
        4
      ],
      [
        1,
        3
      ],
      [
        1,
        4
      ],
      [
        2,
        5
      ],
      [
        3,
        4
      ],
      [
        4,
        6
      ],
      [
        5,
        6
      ]
    ]
  ],
  [
    68,
    [
      [
        0,
        1
      ],
      [
        0,
        3
      ],
      [
        0,
        4
      ],
      [
        1,
        3
      ],
      [
        2,
        3
      ],
      [
        2,
        4
      ],
      [
        2,
        5
      ],
      [
        3,
        5
      ],
      [
        4,
        5
      ],
      [
        4,
        6
      ]
    ]
  ],
  [
    69,
    [
      [
        0,
        1
      ],
      [
        0,
        6
      ],
      [
        1,
        2
      ],
      [
        1,
        4
      ],
      [
        1,
        6
      ],
      [
        2,
        3
      ],
      [
        2,
        6
      ],
      [
        4,
        5
      ],
      [
        5,
        6
      ]
    ]
  ],
  [
    70,
    [
      [
        0,
        2
      ],
      [
        0,
        3
      ],
      [
        0,
        5
      ],
      [
        0,
        6
      ],
      [
        1,
        4
      ],
      [
        2,
        3
      ],
      [
        2,
        4
      ],
      [
        2,
        6
      ],
      [
        4,
        5
      ],
      [
        4,
        6
      ],
      [
        5,
        6
      ]
    ]
  ],
  [
    71,
    [
      [
        0,
        1
      ],
      [
        0,
        5
      ],
      [
        1,
        3
      ],
      [
        1,
        4
      ],
      [
        1,
        5
      ],
      [
        1,
        6
      ],
      [
        2,
        5
      ],
      [
        3,
        4
      ],
      [
        3,
        6
      ],
      [
        4,
        6
      ]
    ]
  ],
  [
    72,
    [
      [
        0,
        2
      ],
      [
        0,
        4
      ],
      [
        0,
        5
      ],
      [
        1,
        4
      ],
      [
        2,
        3
      ],
      [
        2,
        4
      ],
      [
        2,
        5
      ],
      [
        3,
        4
      ],
      [
        3,
        6
      ],
      [
        4,
        5
      ],
      [
        4,
        6
      ]
    ]
  ],
  [
    73,
    [
      [
        0,
        3
      ],
      [
        0,
        6
      ],
      [
        1,
        2
      ],
      [
        1,
        3
      ],
      [
        1,
        5
      ],
      [
        2,
        3
      ],
      [
        2,
        4
      ],
      [
        3,
        5
      ],
      [
        3,
        6
      ],
      [
        4,
        5
      ]
    ]
  ],
  [
    74,
    [
      [
        0,
        1
      ],
      [
        0,
        2
      ],
      [
        0,
        3
      ],
      [
        0,
        5
      ],
      [
        1,
        3
      ],
      [
        1,
        6
      ],
      [
        2,
        4
      ],
      [
        3,
        4
      ],
      [
        4,
        6
      ]
    ]
  ],
  [
    75,
    [
      [
        0,
        2
      ],
      [
        0,
        5
      ],
      [
        0,
        6
      ],
      [
        1,
        2
      ],
      [
        2,
        3
      ],
      [
        2,
        4
      ],
      [
        2,
        5
      ],
      [
        3,
        5
      ],
      [
        3,
        6
      ],
      [
        4,
        5
      ],
      [
        4,
        6
      ]
    ]
  ],
  [
    76,
    [
      [
        0,
        1
      ],
      [
        0,
        3
      ],
      [
        0,
        4
      ],
      [
        0,
        6
      ],
      [
        1,
        2
      ],
      [
        1,
        5
      ],
      [
        1,
        6
      ],
      [
        3,
        4
      ],
      [
        3,
        5
      ],
      [
        4,
        5
      ],
      [
        5,
        6
      ]
    ]
  ],
  [
    77,
    [
      [
        0,
        2
      ],
      [
        0,
        3
      ],
      [
        0,
        4
      ],
      [
        0,
        6
      ],
      [
        1,
        2
      ],
      [
        1,
        5
      ],
      [
        2,
        3
      ],
      [
        2,
        4
      ],
      [
        2,
        5
      ],
      [
        3,
        4
      ],
      [
        3,
        5
      ]
    ]
  ],
  [
    78,
    [
      [
        0,
        1
      ],
      [
        0,
        2
      ],
      [
        0,
        4
      ],
      [
        1,
        2
      ],
      [
        1,
        3
      ],
      [
        1,
        5
      ],
      [
        1,
        6
      ],
      [
        2,
        4
      ],
      [
        3,
        6
      ],
      [
        5,
        6
      ]
    ]
  ],
  [
    79,
    [
      [
        0,
        2
      ],
      [
        0,
        4
      ],
      [
        1,
        4
      ],
      [
        1,
        5
      ],
      [
        1,
        6
      ],
      [
        2,
        3
      ],
      [
        2,
        4
      ],
      [
        2,
        6
      ],
      [
        3,
        5
      ],
      [
        4,
        5
      ]
    ]
  ],
  [
    80,
    [
      [
        0,
        2
      ],
      [
        0,
        3
      ],
      [
        0,
        5
      ],
      [
        0,
        6
      ],
      [
        1,
        2
      ],
      [
        1,
        3
      ],
      [
        1,
        4
      ],
      [
        1,
        6
      ],
      [
        2,
        4
      ],
      [
        3,
        4
      ],
      [
        4,
        6
      ]
    ]
  ],
  [
    81,
    [
      [
        0,
        1
      ],
      [
        0,
        2
      ],
      [
        0,
        3
      ],
      [
        0,
        4
      ],
      [
        0,
        5
      ],
      [
        1,
        2
      ],
      [
        1,
        3
      ],
      [
        1,
        5
      ],
      [
        4,
        5
      ],
      [
        4,
        6
      ]
    ]
  ],
  [
    82,
    [
      [
        0,
        2
      ],
      [
        0,
        4
      ],
      [
        1,
        3
      ],
      [
        1,
        4
      ],
      [
        3,
        4
      ],
      [
        3,
        5
      ],
      [
        3,
        6
      ],
      [
        4,
        5
      ],
      [
        4,
        6
      ],
      [
        5,
        6
      ]
    ]
  ],
  [
    83,
    [
      [
        0,
        1
      ],
      [
        0,
        3
      ],
      [
        0,
        6
      ],
      [
        1,
        3
      ],
      [
        1,
        4
      ],
      [
        1,
        6
      ],
      [
        2,
        3
      ],
      [
        2,
        6
      ],
      [
        4,
        5
      ],
      [
        4,
        6
      ]
    ]
  ],
  [
    84,
    [
      [
        0,
        1
      ],
      [
        0,
        2
      ],
      [
        1,
        4
      ],
      [
        1,
        6
      ],
      [
        2,
        3
      ],
      [
        2,
        5
      ],
      [
        3,
        6
      ],
      [
        4,
        5
      ],
      [
        4,
        6
      ]
    ]
  ],
  [
    85,
    [
      [
        0,
        1
      ],
      [
        0,
        2
      ],
      [
        1,
        3
      ],
      [
        1,
        4
      ],
      [
        2,
        3
      ],
      [
        2,
        4
      ],
      [
        2,
        6
      ],
      [
        3,
        4
      ],
      [
        3,
        5
      ],
      [
        3,
        6
      ]
    ]
  ],
  [
    86,
    [
      [
        0,
        5
      ],
      [
        0,
        6
      ],
      [
        1,
        4
      ],
      [
        2,
        4
      ],
      [
        2,
        5
      ],
      [
        2,
        6
      ],
      [
        3,
        5
      ],
      [
        3,
        6
      ],
      [
        5,
        6
      ]
    ]
  ],
  [
    87,
    [
      [
        0,
        1
      ],
      [
        0,
        2
      ],
      [
        0,
        3
      ],
      [
        0,
        4
      ],
      [
        0,
        6
      ],
      [
        1,
        3
      ],
      [
        1,
        4
      ],
      [
        2,
        3
      ],
      [
        2,
        6
      ],
      [
        4,
        6
      ],
      [
        5,
        6
      ]
    ]
  ],
  [
    88,
    [
      [
        0,
        1
      ],
      [
        0,
        3
      ],
      [
        0,
        4
      ],
      [
        1,
        5
      ],
      [
        1,
        6
      ],
      [
        2,
        3
      ],
      [
        2,
        5
      ],
      [
        3,
        4
      ],
      [
        3,
        5
      ],
      [
        3,
        6
      ]
    ]
  ],
  [
    89,
    [
      [
        0,
        1
      ],
      [
        0,
        3
      ],
      [
        0,
        6
      ],
      [
        1,
        2
      ],
      [
        1,
        5
      ],
      [
        1,
        6
      ],
      [
        2,
        5
      ],
      [
        2,
        6
      ],
      [
        3,
        4
      ],
      [
        3,
        5
      ],
      [
        5,
        6
      ]
    ]
  ],
  [
    90,
    [
      [
        0,
        1
      ],
      [
        0,
        5
      ],
      [
        1,
        4
      ],
      [
        1,
        6
      ],
      [
        2,
        4
      ],
      [
        2,
        6
      ],
      [
        3,
        4
      ],
      [
        3,
        6
      ],
      [
        4,
        6
      ],
      [
        5,
        6
      ]
    ]
  ],
  [
    91,
    [
      [
        0,
        2
      ],
      [
        0,
        5
      ],
      [
        1,
        2
      ],
      [
        1,
        3
      ],
      [
        1,
        5
      ],
      [
        1,
        6
      ],
      [
        2,
        5
      ],
      [
        2,
        6
      ],
      [
        4,
        5
      ],
      [
        4,
        6
      ],
      [
        5,
        6
      ]
    ]
  ],
  [
    92,
    [
      [
        0,
        1
      ],
      [
        0,
        2
      ],
      [
        1,
        4
      ],
      [
        1,
        5
      ],
      [
        2,
        4
      ],
      [
        2,
        6
      ],
      [
        3,
        4
      ],
      [
        3,
        5
      ],
      [
        3,
        6
      ],
      [
        4,
        6
      ]
    ]
  ],
  [
    93,
    [
      [
        0,
        1
      ],
      [
        0,
        3
      ],
      [
        0,
        4
      ],
      [
        0,
        5
      ],
      [
        0,
        6
      ],
      [
        1,
        5
      ],
      [
        2,
        3
      ],
      [
        3,
        5
      ],
      [
        4,
        5
      ],
      [
        5,
        6
      ]
    ]
  ],
  [
    94,
    [
      [
        0,
        2
      ],
      [
        0,
        5
      ],
      [
        0,
        6
      ],
      [
        1,
        2
      ],
      [
        1,
        3
      ],
      [
        1,
        5
      ],
      [
        2,
        6
      ],
      [
        3,
        4
      ],
      [
        3,
        5
      ],
      [
        4,
        6
      ]
    ]
  ],
  [
    95,
    [
      [
        0,
        1
      ],
      [
        0,
        2
      ],
      [
        0,
        4
      ],
      [
        0,
        6
      ],
      [
        1,
        2
      ],
      [
        1,
        4
      ],
      [
        1,
        5
      ],
      [
        1,
        6
      ],
      [
        2,
        5
      ],
      [
        3,
        5
      ],
      [
        4,
        6
      ]
    ]
  ],
  [
    96,
    [
      [
        0,
        1
      ],
      [
        0,
        3
      ],
      [
        0,
        4
      ],
      [
        0,
        5
      ],
      [
        0,
        6
      ],
      [
        1,
        5
      ],
      [
        1,
        6
      ],
      [
        2,
        3
      ],
      [
        2,
        5
      ]
    ]
  ],
  [
    97,
    [
      [
        0,
        1
      ],
      [
        0,
        4
      ],
      [
        0,
        5
      ],
      [
        1,
        5
      ],
      [
        2,
        4
      ],
      [
        3,
        4
      ],
      [
        3,
        5
      ],
      [
        3,
        6
      ],
      [
        4,
        6
      ]
    ]
  ],
  [
    98,
    [
      [
        0,
        1
      ],
      [
        0,
        4
      ],
      [
        1,
        3
      ],
      [
        1,
        5
      ],
      [
        1,
        6
      ],
      [
        2,
        3
      ],
      [
        2,
        5
      ],
      [
        2,
        6
      ],
      [
        3,
        5
      ],
      [
        3,
        6
      ],
      [
        5,
        6
      ]
    ]
  ],
  [
    99,
    [
      [
        0,
        1
      ],
      [
        0,
        2
      ],
      [
        0,
        5
      ],
      [
        1,
        2
      ],
      [
        1,
        3
      ],
      [
        1,
        4
      ],
      [
        1,
        6
      ],
      [
        2,
        5
      ],
      [
        3,
        5
      ],
      [
        5,
        6
      ]
    ]
  ],
  [
    100,
    [
      [
        0,
        6
      ],
      [
        1,
        2
      ],
      [
        1,
        3
      ],
      [
        1,
        4
      ],
      [
        1,
        6
      ],
      [
        2,
        3
      ],
      [
        2,
        4
      ],
      [
        2,
        5
      ],
      [
        3,
        5
      ],
      [
        3,
        6
      ]
    ]
  ],
  [
    101,
    [
      [
        0,
        1
      ],
      [
        0,
        4
      ],
      [
        0,
        5
      ],
      [
        1,
        5
      ],
      [
        2,
        5
      ],
      [
        2,
        6
      ],
      [
        3,
        5
      ],
      [
        3,
        6
      ],
      [
        4,
        6
      ]
    ]
  ],
  [
    102,
    [
      [
        0,
        3
      ],
      [
        0,
        6
      ],
      [
        1,
        2
      ],
      [
        1,
        3
      ],
      [
        1,
        4
      ],
      [
        2,
        3
      ],
      [
        2,
        4
      ],
      [
        2,
        6
      ],
      [
        3,
        4
      ],
      [
        3,
        5
      ]
    ]
  ],
  [
    103,
    [
      [
        0,
        1
      ],
      [
        0,
        2
      ],
      [
        0,
        3
      ],
      [
        0,
        6
      ],
      [
        1,
        2
      ],
      [
        1,
        6
      ],
      [
        2,
        6
      ],
      [
        3,
        4
      ],
      [
        3,
        5
      ]
    ]
  ],
  [
    104,
    [
      [
        0,
        2
      ],
      [
        0,
        4
      ],
      [
        1,
        3
      ],
      [
        1,
        5
      ],
      [
        1,
        6
      ],
      [
        2,
        3
      ],
      [
        2,
        5
      ],
      [
        3,
        5
      ],
      [
        4,
        6
      ],
      [
        5,
        6
      ]
    ]
  ],
  [
    105,
    [
      [
        0,
        2
      ],
      [
        0,
        5
      ],
      [
        0,
        6
      ],
      [
        1,
        5
      ],
      [
        1,
        6
      ],
      [
        2,
        3
      ],
      [
        2,
        4
      ],
      [
        3,
        4
      ],
      [
        4,
        5
      ]
    ]
  ],
  [
    106,
    [
      [
        0,
        4
      ],
      [
        0,
        5
      ],
      [
        1,
        2
      ],
      [
        1,
        6
      ],
      [
        2,
        4
      ],
      [
        2,
        6
      ],
      [
        3,
        4
      ],
      [
        3,
        5
      ],
      [
        5,
        6
      ]
    ]
  ],
  [
    107,
    [
      [
        0,
        1
      ],
      [
        0,
        3
      ],
      [
        1,
        3
      ],
      [
        1,
        5
      ],
      [
        1,
        6
      ],
      [
        2,
        3
      ],
      [
        2,
        4
      ],
      [
        2,
        5
      ],
      [
        2,
        6
      ],
      [
        3,
        5
      ],
      [
        3,
        6
      ]
    ]
  ],
  [
    108,
    [
      [
        0,
        1
      ],
      [
        0,
        4
      ],
      [
        0,
        5
      ],
      [
        0,
        6
      ],
      [
        1,
        4
      ],
      [
        1,
        6
      ],
      [
        2,
        3
      ],
      [
        2,
        5
      ],
      [
        4,
        5
      ],
      [
        4,
        6
      ]
    ]
  ],
  [
    109,
    [
      [
        0,
        1
      ],
      [
        0,
        5
      ],
      [
        0,
        6
      ],
      [
        1,
        2
      ],
      [
        1,
        4
      ],
      [
        2,
        3
      ],
      [
        2,
        6
      ],
      [
        3,
        6
      ],
      [
        5,
        6
      ]
    ]
  ],
  [
    110,
    [
      [
        0,
        1
      ],
      [
        0,
        2
      ],
      [
        0,
        3
      ],
      [
        2,
        3
      ],
      [
        2,
        4
      ],
      [
        3,
        4
      ],
      [
        3,
        6
      ],
      [
        4,
        5
      ],
      [
        5,
        6
      ]
    ]
  ],
  [
    111,
    [
      [
        0,
        3
      ],
      [
        0,
        6
      ],
      [
        1,
        2
      ],
      [
        1,
        4
      ],
      [
        1,
        6
      ],
      [
        2,
        3
      ],
      [
        2,
        4
      ],
      [
        3,
        5
      ],
      [
        3,
        6
      ],
      [
        4,
        6
      ]
    ]
  ],
  [
    112,
    [
      [
        0,
        3
      ],
      [
        0,
        5
      ],
      [
        1,
        3
      ],
      [
        1,
        4
      ],
      [
        2,
        3
      ],
      [
        2,
        5
      ],
      [
        3,
        4
      ],
      [
        3,
        5
      ],
      [
        3,
        6
      ],
      [
        4,
        5
      ],
      [
        5,
        6
      ]
    ]
  ],
  [
    113,
    [
      [
        0,
        1
      ],
      [
        0,
        2
      ],
      [
        0,
        3
      ],
      [
        0,
        4
      ],
      [
        1,
        4
      ],
      [
        1,
        6
      ],
      [
        2,
        3
      ],
      [
        3,
        4
      ],
      [
        3,
        6
      ],
      [
        4,
        5
      ],
      [
        4,
        6
      ]
    ]
  ],
  [
    114,
    [
      [
        0,
        1
      ],
      [
        0,
        3
      ],
      [
        0,
        6
      ],
      [
        1,
        4
      ],
      [
        1,
        5
      ],
      [
        1,
        6
      ],
      [
        2,
        3
      ],
      [
        2,
        4
      ],
      [
        2,
        6
      ],
      [
        3,
        4
      ]
    ]
  ],
  [
    115,
    [
      [
        0,
        3
      ],
      [
        0,
        4
      ],
      [
        0,
        5
      ],
      [
        1,
        2
      ],
      [
        1,
        3
      ],
      [
        1,
        5
      ],
      [
        3,
        4
      ],
      [
        3,
        5
      ],
      [
        3,
        6
      ],
      [
        4,
        6
      ],
      [
        5,
        6
      ]
    ]
  ],
  [
    116,
    [
      [
        0,
        1
      ],
      [
        1,
        2
      ],
      [
        1,
        3
      ],
      [
        1,
        4
      ],
      [
        1,
        5
      ],
      [
        1,
        6
      ],
      [
        2,
        3
      ],
      [
        2,
        5
      ],
      [
        3,
        4
      ],
      [
        3,
        5
      ],
      [
        4,
        5
      ]
    ]
  ],
  [
    117,
    [
      [
        0,
        2
      ],
      [
        0,
        4
      ],
      [
        0,
        5
      ],
      [
        0,
        6
      ],
      [
        1,
        2
      ],
      [
        2,
        4
      ],
      [
        2,
        5
      ],
      [
        2,
        6
      ],
      [
        3,
        4
      ],
      [
        4,
        6
      ],
      [
        5,
        6
      ]
    ]
  ],
  [
    118,
    [
      [
        0,
        1
      ],
      [
        0,
        2
      ],
      [
        0,
        5
      ],
      [
        0,
        6
      ],
      [
        1,
        4
      ],
      [
        1,
        5
      ],
      [
        1,
        6
      ],
      [
        3,
        4
      ],
      [
        3,
        5
      ],
      [
        3,
        6
      ],
      [
        4,
        6
      ]
    ]
  ],
  [
    119,
    [
      [
        0,
        2
      ],
      [
        0,
        4
      ],
      [
        0,
        6
      ],
      [
        1,
        4
      ],
      [
        1,
        6
      ],
      [
        2,
        4
      ],
      [
        2,
        6
      ],
      [
        3,
        5
      ],
      [
        3,
        6
      ]
    ]
  ],
  [
    120,
    [
      [
        0,
        4
      ],
      [
        0,
        6
      ],
      [
        1,
        4
      ],
      [
        1,
        6
      ],
      [
        2,
        3
      ],
      [
        2,
        4
      ],
      [
        2,
        6
      ],
      [
        3,
        5
      ],
      [
        5,
        6
      ]
    ]
  ],
  [
    121,
    [
      [
        0,
        3
      ],
      [
        0,
        4
      ],
      [
        0,
        5
      ],
      [
        1,
        3
      ],
      [
        2,
        3
      ],
      [
        2,
        6
      ],
      [
        3,
        6
      ],
      [
        4,
        6
      ],
      [
        5,
        6
      ]
    ]
  ],
  [
    122,
    [
      [
        0,
        5
      ],
      [
        0,
        6
      ],
      [
        1,
        2
      ],
      [
        1,
        6
      ],
      [
        2,
        5
      ],
      [
        3,
        5
      ],
      [
        3,
        6
      ],
      [
        4,
        5
      ],
      [
        4,
        6
      ],
      [
        5,
        6
      ]
    ]
  ],
  [
    123,
    [
      [
        0,
        1
      ],
      [
        0,
        3
      ],
      [
        0,
        4
      ],
      [
        1,
        2
      ],
      [
        1,
        6
      ],
      [
        2,
        6
      ],
      [
        3,
        4
      ],
      [
        3,
        6
      ],
      [
        4,
        6
      ],
      [
        5,
        6
      ]
    ]
  ],
  [
    124,
    [
      [
        0,
        2
      ],
      [
        0,
        4
      ],
      [
        0,
        5
      ],
      [
        1,
        2
      ],
      [
        1,
        3
      ],
      [
        1,
        5
      ],
      [
        1,
        6
      ],
      [
        2,
        5
      ],
      [
        2,
        6
      ],
      [
        3,
        6
      ],
      [
        5,
        6
      ]
    ]
  ],
  [
    125,
    [
      [
        0,
        1
      ],
      [
        0,
        3
      ],
      [
        0,
        6
      ],
      [
        1,
        3
      ],
      [
        1,
        5
      ],
      [
        1,
        6
      ],
      [
        2,
        4
      ],
      [
        2,
        6
      ],
      [
        3,
        6
      ],
      [
        4,
        6
      ]
    ]
  ],
  [
    126,
    [
      [
        0,
        4
      ],
      [
        0,
        5
      ],
      [
        0,
        6
      ],
      [
        1,
        2
      ],
      [
        1,
        5
      ],
      [
        1,
        6
      ],
      [
        2,
        3
      ],
      [
        3,
        5
      ],
      [
        3,
        6
      ]
    ]
  ],
  [
    127,
    [
      [
        0,
        1
      ],
      [
        0,
        2
      ],
      [
        0,
        3
      ],
      [
        0,
        6
      ],
      [
        1,
        4
      ],
      [
        2,
        4
      ],
      [
        3,
        5
      ],
      [
        4,
        5
      ],
      [
        4,
        6
      ]
    ]
  ],
  [
    128,
    [
      [
        0,
        1
      ],
      [
        0,
        5
      ],
      [
        0,
        6
      ],
      [
        1,
        2
      ],
      [
        1,
        4
      ],
      [
        2,
        3
      ],
      [
        2,
        4
      ],
      [
        2,
        6
      ],
      [
        3,
        4
      ],
      [
        4,
        6
      ]
    ]
  ],
  [
    129,
    [
      [
        0,
        1
      ],
      [
        0,
        5
      ],
      [
        0,
        6
      ],
      [
        1,
        5
      ],
      [
        2,
        4
      ],
      [
        2,
        5
      ],
      [
        2,
        6
      ],
      [
        3,
        6
      ],
      [
        4,
        5
      ],
      [
        4,
        6
      ],
      [
        5,
        6
      ]
    ]
  ],
  [
    130,
    [
      [
        0,
        3
      ],
      [
        0,
        5
      ],
      [
        1,
        4
      ],
      [
        1,
        6
      ],
      [
        2,
        3
      ],
      [
        2,
        4
      ],
      [
        3,
        4
      ],
      [
        3,
        5
      ],
      [
        4,
        6
      ]
    ]
  ],
  [
    131,
    [
      [
        0,
        2
      ],
      [
        0,
        3
      ],
      [
        0,
        4
      ],
      [
        1,
        2
      ],
      [
        1,
        4
      ],
      [
        1,
        6
      ],
      [
        2,
        5
      ],
      [
        2,
        6
      ],
      [
        3,
        5
      ],
      [
        3,
        6
      ]
    ]
  ],
  [
    132,
    [
      [
        0,
        1
      ],
      [
        1,
        3
      ],
      [
        1,
        4
      ],
      [
        1,
        6
      ],
      [
        2,
        4
      ],
      [
        2,
        6
      ],
      [
        3,
        6
      ],
      [
        4,
        5
      ],
      [
        4,
        6
      ],
      [
        5,
        6
      ]
    ]
  ],
  [
    133,
    [
      [
        0,
        2
      ],
      [
        0,
        3
      ],
      [
        0,
        4
      ],
      [
        0,
        6
      ],
      [
        1,
        3
      ],
      [
        1,
        4
      ],
      [
        2,
        3
      ],
      [
        4,
        6
      ],
      [
        5,
        6
      ]
    ]
  ],
  [
    134,
    [
      [
        0,
        1
      ],
      [
        0,
        2
      ],
      [
        1,
        3
      ],
      [
        1,
        6
      ],
      [
        2,
        3
      ],
      [
        2,
        4
      ],
      [
        2,
        5
      ],
      [
        2,
        6
      ],
      [
        4,
        5
      ]
    ]
  ],
  [
    135,
    [
      [
        0,
        5
      ],
      [
        1,
        3
      ],
      [
        1,
        4
      ],
      [
        1,
        5
      ],
      [
        1,
        6
      ],
      [
        2,
        3
      ],
      [
        2,
        5
      ],
      [
        2,
        6
      ],
      [
        3,
        6
      ],
      [
        4,
        6
      ],
      [
        5,
        6
      ]
    ]
  ],
  [
    136,
    [
      [
        0,
        2
      ],
      [
        1,
        2
      ],
      [
        1,
        3
      ],
      [
        1,
        4
      ],
      [
        2,
        4
      ],
      [
        2,
        6
      ],
      [
        3,
        4
      ],
      [
        3,
        6
      ],
      [
        4,
        6
      ],
      [
        5,
        6
      ]
    ]
  ],
  [
    137,
    [
      [
        0,
        1
      ],
      [
        0,
        4
      ],
      [
        0,
        5
      ],
      [
        0,
        6
      ],
      [
        1,
        5
      ],
      [
        1,
        6
      ],
      [
        2,
        3
      ],
      [
        2,
        5
      ],
      [
        3,
        6
      ],
      [
        5,
        6
      ]
    ]
  ],
  [
    138,
    [
      [
        0,
        4
      ],
      [
        0,
        5
      ],
      [
        0,
        6
      ],
      [
        1,
        2
      ],
      [
        1,
        3
      ],
      [
        1,
        4
      ],
      [
        3,
        4
      ],
      [
        4,
        5
      ],
      [
        4,
        6
      ]
    ]
  ],
  [
    139,
    [
      [
        0,
        1
      ],
      [
        0,
        6
      ],
      [
        1,
        4
      ],
      [
        1,
        5
      ],
      [
        2,
        4
      ],
      [
        2,
        6
      ],
      [
        3,
        4
      ],
      [
        3,
        6
      ],
      [
        4,
        6
      ],
      [
        5,
        6
      ]
    ]
  ],
  [
    140,
    [
      [
        0,
        2
      ],
      [
        0,
        5
      ],
      [
        1,
        5
      ],
      [
        1,
        6
      ],
      [
        2,
        4
      ],
      [
        3,
        5
      ],
      [
        3,
        6
      ],
      [
        4,
        5
      ],
      [
        5,
        6
      ]
    ]
  ],
  [
    141,
    [
      [
        0,
        2
      ],
      [
        0,
        4
      ],
      [
        0,
        5
      ],
      [
        0,
        6
      ],
      [
        1,
        3
      ],
      [
        2,
        4
      ],
      [
        2,
        5
      ],
      [
        3,
        4
      ],
      [
        3,
        5
      ],
      [
        3,
        6
      ]
    ]
  ],
  [
    142,
    [
      [
        0,
        3
      ],
      [
        0,
        4
      ],
      [
        0,
        6
      ],
      [
        1,
        2
      ],
      [
        2,
        4
      ],
      [
        3,
        4
      ],
      [
        3,
        5
      ],
      [
        4,
        5
      ],
      [
        4,
        6
      ],
      [
        5,
        6
      ]
    ]
  ],
  [
    143,
    [
      [
        0,
        1
      ],
      [
        0,
        5
      ],
      [
        1,
        2
      ],
      [
        1,
        4
      ],
      [
        2,
        3
      ],
      [
        3,
        4
      ],
      [
        3,
        6
      ],
      [
        4,
        5
      ],
      [
        4,
        6
      ]
    ]
  ],
  [
    144,
    [
      [
        0,
        1
      ],
      [
        0,
        2
      ],
      [
        0,
        4
      ],
      [
        1,
        2
      ],
      [
        1,
        6
      ],
      [
        3,
        4
      ],
      [
        3,
        5
      ],
      [
        3,
        6
      ],
      [
        4,
        5
      ],
      [
        5,
        6
      ]
    ]
  ],
  [
    145,
    [
      [
        0,
        1
      ],
      [
        0,
        2
      ],
      [
        0,
        3
      ],
      [
        0,
        5
      ],
      [
        0,
        6
      ],
      [
        1,
        2
      ],
      [
        1,
        4
      ],
      [
        2,
        3
      ],
      [
        2,
        4
      ],
      [
        2,
        6
      ],
      [
        3,
        5
      ]
    ]
  ],
  [
    146,
    [
      [
        0,
        2
      ],
      [
        0,
        3
      ],
      [
        0,
        4
      ],
      [
        0,
        5
      ],
      [
        1,
        3
      ],
      [
        1,
        4
      ],
      [
        1,
        6
      ],
      [
        2,
        4
      ],
      [
        3,
        6
      ],
      [
        4,
        5
      ]
    ]
  ],
  [
    147,
    [
      [
        0,
        1
      ],
      [
        0,
        4
      ],
      [
        0,
        6
      ],
      [
        2,
        4
      ],
      [
        2,
        6
      ],
      [
        3,
        4
      ],
      [
        3,
        6
      ],
      [
        4,
        5
      ],
      [
        5,
        6
      ]
    ]
  ],
  [
    148,
    [
      [
        0,
        1
      ],
      [
        0,
        5
      ],
      [
        1,
        2
      ],
      [
        1,
        4
      ],
      [
        1,
        6
      ],
      [
        2,
        3
      ],
      [
        2,
        6
      ],
      [
        3,
        5
      ],
      [
        3,
        6
      ],
      [
        4,
        5
      ]
    ]
  ],
  [
    149,
    [
      [
        0,
        1
      ],
      [
        0,
        3
      ],
      [
        0,
        4
      ],
      [
        1,
        2
      ],
      [
        1,
        3
      ],
      [
        1,
        4
      ],
      [
        1,
        5
      ],
      [
        2,
        3
      ],
      [
        4,
        5
      ],
      [
        4,
        6
      ]
    ]
  ]
]