1
cccba
159200
40044
1
dbadb
120051
44421
9
aacaa
974000
31044
2
bacac
200331
44242
2
ccdcc
292403
10402
4
dabba
433188
24222
2
caaba
297458
13131
0
dbdcb
051293
21413
3
bbabd
318824
22224
1
bbbaa
182000
22444
1
abcdb
151531
41422
1
cccbc
159203
40042
9
dcada
940058
10421
9
ccbcd
929312
01324
2
acbad
276337
12442
7
cccac
762976
21132
3
cbcdb
318051
22121
9
adcdc
978059
32120
4
dcdbb
431200
22444
5
bcdcb
515318
14222
2
abbdb
274531
11322
5
aadba
588933
12034
5
adabd
589743
10312
3
bcbda
315127
24141
0
adccc
005929
42001
8
bdcca
824033
24024
4
bddda
453788
32222
0
bbada
000058
44421
7
cbbda
763127
24241
4
cbbad
400005
04442
1
dbbab
120000
44444
0
dddcc
053762
22221
1
adaba
153315
42424
7
acabb
740000
10444
0
dbccc
051592
21400
