nvar	input delims
45
66
31
43
62
99
52
26
41
60
73
111
58
57
65
6
72
50
70
101
24
35
17
81
53
38
29
91
108
51
86
71
39
89
106
16
2
78
3
116
102
21
47
1
67
55
98
95
96
105
114
87
76
59
20
119
8
11
40
54
32
7
68
74
69
88
92
4
15
104
107
90
36
82
33
10
103
94
22
23
63
93
100
44
13
85
109
14
27
12
117
49
75
112
19
83
77
113
97
28
56
115
80
18
118
64
37
110
46
42
9
34
61
30
25
84
5
48
79

