0
[(0, 2), (0, 4), (0, 5), (1, 2), (1, 4), (2, 3), (2, 6), (3, 4), (4, 5)]
5
[5, 0, 2, 1, 4, 3, 6]
[(0, 5), (0, 2), (1, 2), (1, 4), (3, 4), (2, 6)]
[(0, 4), (2, 3), (4, 5)]
[5, 0, 4, 2, 1, 3, 6]
[(0, 5), (4, 5), (0, 2), (1, 4), (3, 4), (2, 6)]
[(0, 4), (1, 2), (2, 3)]
[(0, 5), (0, 4), (3, 4), (2, 3), (4, 5), (2, 6)]
[1, 0, 1, 0, 0, 1]
[(0, 5), (3, 4), (4, 5), (1, 2), (2, 3), (0, 2)]
[1, 1, 1, 0, 0, 1]

1
[(0, 1), (0, 3), (0, 5), (1, 2), (1, 3), (1, 4), (1, 6), (3, 5), (3, 6), (4, 5), (4, 6)]
2
[2, 1, 0, 3, 5, 4, 6]
[(1, 2), (0, 1), (0, 3), (3, 5), (4, 5), (4, 6)]
[(0, 5), (1, 3), (1, 4), (1, 6), (3, 6)]
[2, 1, 0, 3, 4, 6, 5]
[(1, 2), (0, 1), (1, 3), (1, 4), (1, 6), (0, 5)]
[(0, 3), (3, 5), (3, 6), (4, 5), (4, 6)]
[(3, 5), (0, 1), (3, 6), (0, 3), (4, 5), (1, 2)]
[1, 1, 0, 1, 1, 1]
[(3, 5), (0, 1), (0, 5), (3, 6), (1, 6), (1, 3)]
[0, 1, 1, 0, 1, 1]

2
[(0, 1), (0, 2), (0, 5), (1, 2), (1, 4), (1, 5), (2, 3), (2, 6), (3, 5), (5, 6)]
1
[1, 0, 2, 3, 5, 6, 4]
[(0, 1), (0, 2), (2, 3), (3, 5), (5, 6), (1, 4)]
[(0, 5), (1, 2), (1, 5), (2, 6)]
[1, 0, 2, 4, 5, 3, 6]
[(0, 1), (1, 2), (1, 4), (1, 5), (2, 3), (2, 6)]
[(0, 2), (0, 5), (3, 5), (5, 6)]
[(5, 6), (0, 1), (2, 3), (3, 5), (1, 2), (0, 2)]
[1, 1, 1, 1, 0, 1]
[(0, 5), (0, 2), (2, 6), (1, 4), (1, 5), (0, 1)]
[0, 0, 1, 1, 1, 1]

3
[(0, 3), (0, 5), (0, 6), (1, 2), (1, 5), (1, 6), (2, 3), (2, 5), (2, 6), (3, 4), (3, 5)]
3
[3, 0, 5, 1, 2, 6, 4]
[(0, 3), (0, 5), (1, 5), (1, 2), (2, 6), (3, 4)]
[(0, 6), (1, 6), (2, 3), (2, 5), (3, 5)]
[3, 0, 2, 4, 5, 6, 1]
[(0, 3), (2, 3), (3, 4), (3, 5), (0, 6), (1, 2)]
[(0, 5), (1, 5), (1, 6), (2, 5), (2, 6)]
[(2, 6), (0, 6), (0, 5), (1, 6), (0, 3), (2, 3)]
[1, 0, 1, 0, 1, 0]
[(0, 3), (2, 5), (0, 5), (3, 5), (2, 6), (3, 4)]
[1, 0, 0, 1, 0, 1]

4
[(0, 1), (0, 6), (1, 3), (1, 6), (2, 4), (2, 5), (4, 5), (4, 6), (5, 6)]
1
[1, 0, 6, 4, 2, 5, 3]
[(0, 1), (0, 6), (4, 6), (2, 4), (2, 5), (1, 3)]
[(1, 6), (4, 5), (5, 6)]
[1, 0, 3, 6, 4, 5, 2]
[(0, 1), (1, 3), (1, 6), (4, 6), (5, 6), (2, 4)]
[(0, 6), (2, 5), (4, 5)]
[(4, 5), (2, 4), (1, 3), (1, 6), (0, 1), (5, 6)]
[0, 1, 1, 0, 1, 0]
[(4, 5), (4, 6), (5, 6), (0, 1), (0, 6), (2, 5)]
[0, 1, 1, 1, 0, 0]

5
[(0, 1), (0, 2), (0, 3), (0, 5), (1, 4), (2, 3), (2, 4), (2, 6), (4, 5), (5, 6)]
3
[3, 0, 1, 4, 2, 6, 5]
[(0, 3), (0, 1), (1, 4), (2, 4), (2, 6), (5, 6)]
[(0, 2), (0, 5), (2, 3), (4, 5)]
[3, 0, 2, 1, 5, 4, 6]
[(0, 3), (2, 3), (0, 1), (0, 5), (2, 4), (2, 6)]
[(0, 2), (1, 4), (4, 5), (5, 6)]
[(0, 3), (2, 4), (2, 3), (5, 6), (1, 4), (2, 6)]
[1, 1, 0, 1, 1, 1]
[(4, 5), (5, 6), (0, 5), (0, 1), (2, 4), (2, 3)]
[0, 0, 1, 1, 1, 1]

6
[(0, 2), (0, 3), (0, 5), (1, 3), (1, 5), (2, 4), (2, 5), (3, 5), (4, 5), (5, 6)]
4
[4, 2, 0, 3, 1, 5, 6]
[(2, 4), (0, 2), (0, 3), (1, 3), (1, 5), (5, 6)]
[(0, 5), (2, 5), (3, 5), (4, 5)]
[4, 2, 5, 0, 1, 3, 6]
[(2, 4), (4, 5), (0, 2), (1, 5), (3, 5), (5, 6)]
[(0, 3), (0, 5), (1, 3), (2, 5)]
[(2, 5), (1, 3), (0, 5), (5, 6), (3, 5), (4, 5)]
[0, 1, 0, 1, 0, 0]
[(4, 5), (5, 6), (0, 3), (3, 5), (2, 4), (0, 2)]
[1, 1, 0, 1, 1, 1]

7
[(0, 1), (0, 2), (0, 6), (1, 4), (2, 3), (3, 4), (3, 5), (3, 6), (4, 5)]
3
[3, 2, 0, 1, 4, 5, 6]
[(2, 3), (0, 2), (0, 1), (1, 4), (4, 5), (0, 6)]
[(3, 4), (3, 5), (3, 6)]
[3, 2, 4, 5, 6, 0, 1]
[(2, 3), (3, 4), (3, 5), (3, 6), (0, 2), (1, 4)]
[(0, 1), (0, 6), (4, 5)]
[(2, 3), (0, 1), (0, 2), (1, 4), (4, 5), (3, 5)]
[1, 1, 1, 1, 1, 0]
[(4, 5), (2, 3), (1, 4), (0, 6), (3, 6), (0, 1)]
[0, 1, 1, 0, 1, 0]

8
[(0, 2), (0, 4), (0, 5), (1, 2), (1, 3), (1, 6), (2, 3), (2, 4), (2, 6), (4, 5)]
4
[4, 0, 2, 1, 3, 6, 5]
[(0, 4), (0, 2), (1, 2), (1, 3), (1, 6), (0, 5)]
[(2, 3), (2, 4), (2, 6), (4, 5)]
[4, 0, 2, 5, 1, 3, 6]
[(0, 4), (2, 4), (4, 5), (1, 2), (2, 3), (2, 6)]
[(0, 2), (0, 5), (1, 3), (1, 6)]
[(0, 4), (1, 3), (0, 5), (2, 4), (1, 2), (0, 2)]
[1, 1, 1, 0, 1, 1]
[(4, 5), (0, 2), (0, 4), (1, 3), (2, 6), (1, 6)]
[1, 0, 1, 0, 1, 0]

9
[(0, 2), (0, 3), (0, 5), (0, 6), (1, 6), (2, 4), (2, 6), (3, 4), (3, 5), (3, 6), (5, 6)]
1
[1, 6, 0, 2, 4, 3, 5]
[(1, 6), (0, 6), (0, 2), (2, 4), (3, 4), (3, 5)]
[(0, 3), (0, 5), (2, 6), (3, 6), (5, 6)]
[1, 6, 0, 2, 3, 5, 4]
[(1, 6), (0, 6), (2, 6), (3, 6), (5, 6), (2, 4)]
[(0, 2), (0, 3), (0, 5), (3, 4), (3, 5)]
[(3, 5), (0, 2), (0, 5), (3, 4), (1, 6), (2, 4)]
[1, 1, 0, 1, 1, 1]
[(3, 6), (0, 6), (3, 5), (3, 4), (2, 6), (2, 4)]
[1, 1, 0, 0, 1, 1]

10
[(0, 1), (0, 3), (0, 5), (0, 6), (1, 2), (2, 3), (2, 4), (2, 5), (2, 6), (3, 4)]
2
[2, 1, 0, 3, 4, 5, 6]
[(1, 2), (0, 1), (0, 3), (3, 4), (0, 5), (0, 6)]
[(2, 3), (2, 4), (2, 5), (2, 6)]
[2, 1, 3, 4, 5, 6, 0]
[(1, 2), (2, 3), (2, 4), (2, 5), (2, 6), (0, 1)]
[(0, 3), (0, 5), (0, 6), (3, 4)]
[(3, 4), (2, 3), (1, 2), (2, 6), (2, 4), (0, 5)]
[1, 0, 1, 0, 0, 1]
[(2, 4), (3, 4), (0, 1), (2, 3), (0, 5), (2, 5)]
[1, 0, 1, 1, 0, 1]

11
[(0, 1), (0, 2), (0, 3), (0, 4), (1, 2), (1, 3), (1, 6), (2, 5), (3, 5), (4, 6)]
0
[0, 1, 2, 5, 3, 6, 4]
[(0, 1), (1, 2), (2, 5), (3, 5), (1, 6), (4, 6)]
[(0, 2), (0, 3), (0, 4), (1, 3)]
[0, 1, 2, 3, 4, 6, 5]
[(0, 1), (0, 2), (0, 3), (0, 4), (1, 6), (2, 5)]
[(1, 2), (1, 3), (3, 5), (4, 6)]
[(0, 3), (1, 2), (4, 6), (1, 6), (3, 5), (0, 4)]
[0, 1, 1, 1, 1, 0]
[(1, 2), (4, 6), (1, 3), (3, 5), (0, 3), (1, 6)]
[0, 0, 0, 0, 1, 1]

12
[(0, 3), (0, 4), (0, 5), (1, 2), (2, 4), (2, 5), (3, 4), (3, 5), (4, 5), (4, 6), (5, 6)]
4
[4, 0, 3, 5, 2, 1, 6]
[(0, 4), (0, 3), (3, 5), (2, 5), (1, 2), (5, 6)]
[(0, 5), (2, 4), (3, 4), (4, 5), (4, 6)]
[4, 0, 2, 3, 5, 6, 1]
[(0, 4), (2, 4), (3, 4), (4, 5), (4, 6), (1, 2)]
[(0, 3), (0, 5), (2, 5), (3, 5), (5, 6)]
[(5, 6), (3, 5), (1, 2), (0, 5), (2, 5), (4, 5)]
[1, 1, 1, 0, 1, 0]
[(3, 5), (4, 5), (5, 6), (2, 5), (1, 2), (0, 5)]
[0, 1, 0, 0, 1, 0]

13
[(0, 3), (0, 4), (0, 5), (1, 2), (1, 3), (2, 3), (2, 5), (2, 6), (3, 5), (5, 6)]
1
[1, 2, 3, 0, 4, 5, 6]
[(1, 2), (2, 3), (0, 3), (0, 4), (0, 5), (5, 6)]
[(1, 3), (2, 5), (2, 6), (3, 5)]
[1, 2, 3, 5, 6, 0, 4]
[(1, 2), (1, 3), (2, 5), (2, 6), (0, 3), (0, 4)]
[(0, 5), (2, 3), (3, 5), (5, 6)]
[(1, 2), (3, 5), (0, 3), (2, 5), (5, 6), (0, 5)]
[1, 0, 1, 0, 1, 1]
[(0, 4), (2, 5), (1, 2), (2, 6), (3, 5), (1, 3)]
[1, 1, 1, 1, 0, 1]

14
[(0, 2), (0, 4), (0, 5), (1, 3), (1, 4), (1, 5), (1, 6), (2, 4), (2, 6), (5, 6)]
3
[3, 1, 4, 0, 2, 6, 5]
[(1, 3), (1, 4), (0, 4), (0, 2), (2, 6), (5, 6)]
[(0, 5), (1, 5), (1, 6), (2, 4)]
[3, 1, 4, 5, 6, 0, 2]
[(1, 3), (1, 4), (1, 5), (1, 6), (0, 4), (2, 4)]
[(0, 2), (0, 5), (2, 6), (5, 6)]
[(5, 6), (0, 5), (1, 5), (0, 4), (1, 6), (2, 4)]
[1, 0, 0, 1, 0, 0]
[(5, 6), (1, 3), (2, 4), (1, 5), (0, 5), (2, 6)]
[0, 1, 1, 1, 0, 0]

15
[(0, 1), (0, 2), (0, 5), (0, 6), (1, 2), (1, 5), (1, 6), (2, 4), (3, 4), (3, 5)]
6
[6, 0, 1, 2, 4, 3, 5]
[(0, 6), (0, 1), (1, 2), (2, 4), (3, 4), (3, 5)]
[(0, 2), (0, 5), (1, 5), (1, 6)]
[6, 0, 1, 2, 5, 4, 3]
[(0, 6), (1, 6), (0, 2), (0, 5), (2, 4), (3, 5)]
[(0, 1), (1, 2), (1, 5), (3, 4)]
[(0, 1), (0, 2), (1, 2), (3, 5), (0, 6), (1, 6)]
[1, 0, 1, 1, 1, 0]
[(0, 2), (1, 2), (2, 4), (0, 5), (0, 1), (3, 5)]
[1, 0, 1, 1, 0, 1]

16
[(0, 1), (0, 4), (1, 3), (1, 5), (2, 4), (2, 5), (3, 5), (3, 6), (4, 6)]
4
[4, 0, 1, 3, 5, 2, 6]
[(0, 4), (0, 1), (1, 3), (3, 5), (2, 5), (3, 6)]
[(1, 5), (2, 4), (4, 6)]
[4, 0, 2, 6, 1, 5, 3]
[(0, 4), (2, 4), (4, 6), (0, 1), (2, 5), (3, 6)]
[(1, 3), (1, 5), (3, 5)]
[(2, 5), (2, 4), (4, 6), (0, 1), (1, 5), (1, 3)]
[1, 0, 0, 1, 0, 1]
[(1, 5), (3, 6), (1, 3), (0, 4), (4, 6), (0, 1)]
[0, 1, 0, 1, 1, 1]

17
[(0, 2), (0, 3), (0, 5), (1, 2), (1, 3), (2, 4), (3, 5), (4, 5), (4, 6), (5, 6)]
6
[6, 4, 2, 0, 3, 1, 5]
[(4, 6), (2, 4), (0, 2), (0, 3), (1, 3), (3, 5)]
[(0, 5), (1, 2), (4, 5), (5, 6)]
[6, 4, 5, 2, 0, 3, 1]
[(4, 6), (5, 6), (2, 4), (0, 5), (3, 5), (1, 2)]
[(0, 2), (0, 3), (1, 3), (4, 5)]
[(3, 5), (0, 3), (5, 6), (4, 6), (0, 2), (1, 2)]
[1, 1, 0, 1, 1, 0]
[(3, 5), (4, 5), (5, 6), (1, 2), (0, 5), (4, 6)]
[1, 0, 1, 1, 1, 1]

18
[(0, 2), (0, 4), (0, 5), (1, 2), (1, 6), (2, 3), (2, 6), (3, 6), (4, 5), (4, 6)]
1
[1, 2, 0, 4, 5, 6, 3]
[(1, 2), (0, 2), (0, 4), (4, 5), (4, 6), (3, 6)]
[(0, 5), (1, 6), (2, 3), (2, 6)]
[1, 2, 6, 0, 3, 4, 5]
[(1, 2), (1, 6), (0, 2), (2, 3), (4, 6), (0, 5)]
[(0, 4), (2, 6), (3, 6), (4, 5)]
[(4, 6), (1, 6), (3, 6), (1, 2), (0, 2), (2, 3)]
[1, 0, 1, 1, 1, 0]
[(0, 5), (3, 6), (0, 2), (2, 6), (4, 5), (0, 4)]
[1, 0, 1, 0, 0, 0]

19
[(0, 1), (0, 3), (0, 6), (1, 4), (1, 6), (2, 5), (2, 6), (3, 5), (4, 5), (5, 6)]
0
[0, 1, 4, 5, 2, 6, 3]
[(0, 1), (1, 4), (4, 5), (2, 5), (2, 6), (3, 5)]
[(0, 3), (0, 6), (1, 6), (5, 6)]
[0, 1, 3, 6, 4, 5, 2]
[(0, 1), (0, 3), (0, 6), (1, 4), (3, 5), (2, 6)]
[(1, 6), (2, 5), (4, 5), (5, 6)]
[(0, 3), (5, 6), (1, 4), (2, 6), (1, 6), (0, 6)]
[0, 0, 1, 1, 0, 0]
[(2, 6), (0, 3), (1, 6), (1, 4), (3, 5), (0, 1)]
[1, 1, 0, 1, 1, 1]

20
[(0, 1), (0, 4), (0, 6), (1, 3), (1, 6), (2, 5), (3, 4), (3, 6), (4, 6), (5, 6)]
5
[5, 2, 6, 0, 1, 3, 4]
[(2, 5), (5, 6), (0, 6), (0, 1), (1, 3), (3, 4)]
[(0, 4), (1, 6), (3, 6), (4, 6)]
[5, 2, 6, 0, 1, 3, 4]
[(2, 5), (5, 6), (0, 6), (1, 6), (3, 6), (4, 6)]
[(0, 1), (0, 4), (1, 3), (3, 4)]
[(3, 6), (1, 3), (0, 4), (1, 6), (4, 6), (5, 6)]
[0, 1, 0, 0, 0, 1]
[(4, 6), (1, 3), (2, 5), (3, 4), (5, 6), (3, 6)]
[1, 0, 1, 0, 1, 1]

21
[(0, 2), (0, 3), (0, 5), (1, 6), (2, 3), (2, 4), (2, 6), (3, 4), (3, 5), (3, 6), (4, 5)]
5
[5, 0, 2, 3, 4, 6, 1]
[(0, 5), (0, 2), (2, 3), (3, 4), (3, 6), (1, 6)]
[(0, 3), (2, 4), (2, 6), (3, 5), (4, 5)]
[5, 0, 3, 4, 2, 6, 1]
[(0, 5), (3, 5), (4, 5), (0, 2), (3, 6), (1, 6)]
[(0, 3), (2, 3), (2, 4), (2, 6), (3, 4)]
[(2, 4), (3, 6), (1, 6), (0, 5), (2, 6), (0, 2)]
[0, 1, 1, 1, 0, 1]
[(2, 6), (4, 5), (0, 2), (3, 5), (3, 6), (1, 6)]
[0, 1, 1, 1, 1, 1]

22
[(0, 1), (0, 2), (0, 3), (0, 6), (1, 5), (2, 4), (3, 4), (3, 6), (4, 5), (4, 6)]
5
[5, 1, 0, 2, 4, 3, 6]
[(1, 5), (0, 1), (0, 2), (2, 4), (3, 4), (3, 6)]
[(0, 3), (0, 6), (4, 5), (4, 6)]
[5, 1, 4, 0, 2, 3, 6]
[(1, 5), (4, 5), (0, 1), (2, 4), (3, 4), (4, 6)]
[(0, 2), (0, 3), (0, 6), (3, 6)]
[(0, 2), (3, 6), (4, 6), (0, 6), (0, 1), (4, 5)]
[1, 1, 0, 0, 1, 0]
[(0, 6), (3, 6), (0, 3), (3, 4), (2, 4), (0, 2)]
[0, 0, 0, 1, 1, 0]

23
[(0, 1), (0, 2), (0, 4), (0, 5), (1, 2), (1, 4), (1, 5), (2, 5), (2, 6), (3, 4), (4, 5)]
5
[5, 0, 1, 2, 6, 4, 3]
[(0, 5), (0, 1), (1, 2), (2, 6), (1, 4), (3, 4)]
[(0, 2), (0, 4), (1, 5), (2, 5), (4, 5)]
[5, 0, 1, 2, 4, 6, 3]
[(0, 5), (1, 5), (2, 5), (4, 5), (2, 6), (3, 4)]
[(0, 1), (0, 2), (0, 4), (1, 2), (1, 4)]
[(2, 5), (0, 1), (1, 4), (0, 4), (0, 5), (4, 5)]
[0, 1, 1, 0, 1, 0]
[(0, 5), (1, 5), (3, 4), (2, 6), (2, 5), (0, 2)]
[1, 1, 1, 1, 1, 0]

24
[(0, 6), (1, 4), (1, 5), (1, 6), (2, 4), (2, 5), (3, 4), (3, 6), (4, 5), (5, 6)]
4
[4, 1, 5, 2, 6, 0, 3]
[(1, 4), (1, 5), (2, 5), (5, 6), (0, 6), (3, 6)]
[(1, 6), (2, 4), (3, 4), (4, 5)]
[4, 1, 2, 3, 5, 6, 0]
[(1, 4), (2, 4), (3, 4), (4, 5), (1, 6), (0, 6)]
[(1, 5), (2, 5), (3, 6), (5, 6)]
[(4, 5), (3, 4), (1, 4), (2, 4), (2, 5), (1, 6)]
[0, 0, 1, 0, 1, 0]
[(3, 6), (1, 5), (4, 5), (5, 6), (2, 5), (0, 6)]
[0, 0, 1, 0, 0, 1]

25
[(0, 1), (0, 2), (0, 5), (0, 6), (1, 2), (1, 3), (1, 6), (2, 5), (2, 6), (3, 5), (4, 6)]
1
[1, 0, 2, 5, 3, 6, 4]
[(0, 1), (0, 2), (2, 5), (3, 5), (2, 6), (4, 6)]
[(0, 5), (0, 6), (1, 2), (1, 3), (1, 6)]
[1, 0, 2, 3, 6, 5, 4]
[(0, 1), (1, 2), (1, 3), (1, 6), (0, 5), (4, 6)]
[(0, 2), (0, 6), (2, 5), (2, 6), (3, 5)]
[(1, 6), (4, 6), (2, 6), (0, 6), (0, 2), (0, 1)]
[0, 1, 1, 0, 1, 1]
[(4, 6), (3, 5), (2, 6), (1, 2), (1, 3), (0, 6)]
[1, 0, 0, 1, 1, 0]

26
[(0, 2), (0, 3), (0, 4), (1, 3), (1, 5), (1, 6), (2, 3), (2, 6), (5, 6)]
4
[4, 0, 2, 3, 1, 5, 6]
[(0, 4), (0, 2), (2, 3), (1, 3), (1, 5), (5, 6)]
[(0, 3), (1, 6), (2, 6)]
[4, 0, 2, 3, 6, 1, 5]
[(0, 4), (0, 2), (0, 3), (2, 6), (1, 3), (5, 6)]
[(1, 5), (1, 6), (2, 3)]
[(2, 6), (0, 3), (1, 6), (1, 5), (2, 3), (0, 2)]
[0, 0, 0, 1, 1, 1]
[(1, 6), (1, 5), (5, 6), (0, 4), (2, 3), (2, 6)]
[0, 0, 1, 1, 0, 1]

27
[(0, 3), (0, 4), (0, 5), (1, 3), (1, 4), (1, 6), (2, 4), (2, 5), (2, 6), (3, 4)]
0
[0, 3, 1, 4, 2, 5, 6]
[(0, 3), (1, 3), (1, 4), (2, 4), (2, 5), (2, 6)]
[(0, 4), (0, 5), (1, 6), (3, 4)]
[0, 3, 4, 5, 1, 2, 6]
[(0, 3), (0, 4), (0, 5), (1, 3), (2, 4), (1, 6)]
[(1, 4), (2, 5), (2, 6), (3, 4)]
[(1, 3), (3, 4), (1, 6), (2, 5), (2, 4), (1, 4)]
[1, 0, 0, 1, 1, 1]
[(1, 4), (0, 3), (0, 4), (1, 3), (0, 5), (2, 4)]
[0, 1, 1, 1, 1, 1]

28
[(0, 1), (0, 5), (1, 2), (1, 4), (2, 5), (2, 6), (3, 5), (3, 6), (4, 5), (4, 6)]
2
[2, 1, 0, 5, 3, 6, 4]
[(1, 2), (0, 1), (0, 5), (3, 5), (3, 6), (4, 6)]
[(1, 4), (2, 5), (2, 6), (4, 5)]
[2, 1, 5, 6, 0, 4, 3]
[(1, 2), (2, 5), (2, 6), (0, 1), (1, 4), (3, 5)]
[(0, 5), (3, 6), (4, 5), (4, 6)]
[(1, 2), (2, 5), (4, 5), (4, 6), (3, 5), (0, 1)]
[1, 0, 0, 1, 1, 1]
[(0, 1), (0, 5), (3, 6), (4, 6), (3, 5), (2, 5)]
[1, 0, 0, 0, 1, 1]

29
[(0, 3), (0, 5), (1, 2), (1, 6), (2, 3), (2, 5), (3, 4), (3, 6), (4, 5), (5, 6)]
1
[1, 2, 3, 0, 5, 4, 6]
[(1, 2), (2, 3), (0, 3), (0, 5), (4, 5), (5, 6)]
[(1, 6), (2, 5), (3, 4), (3, 6)]
[1, 2, 6, 3, 5, 0, 4]
[(1, 2), (1, 6), (2, 3), (2, 5), (0, 3), (3, 4)]
[(0, 5), (3, 6), (4, 5), (5, 6)]
[(3, 6), (3, 4), (0, 5), (4, 5), (0, 3), (1, 6)]
[0, 0, 1, 1, 1, 0]
[(4, 5), (1, 2), (0, 5), (3, 6), (0, 3), (5, 6)]
[0, 1, 0, 0, 1, 0]

30
[(0, 1), (0, 2), (0, 4), (0, 6), (2, 3), (2, 4), (2, 5), (3, 4), (3, 6), (4, 5)]
0
[0, 1, 2, 3, 4, 5, 6]
[(0, 1), (0, 2), (2, 3), (3, 4), (4, 5), (3, 6)]
[(0, 4), (0, 6), (2, 4), (2, 5)]
[0, 1, 2, 4, 6, 3, 5]
[(0, 1), (0, 2), (0, 4), (0, 6), (2, 3), (2, 5)]
[(2, 4), (3, 4), (3, 6), (4, 5)]
[(3, 4), (3, 6), (2, 3), (0, 2), (2, 5), (0, 6)]
[1, 1, 1, 1, 0, 0]
[(3, 4), (0, 1), (0, 6), (4, 5), (2, 3), (3, 6)]
[0, 1, 1, 0, 1, 0]

31
[(0, 1), (0, 5), (0, 6), (1, 2), (1, 3), (1, 4), (1, 5), (1, 6), (3, 4), (3, 6), (4, 5)]
4
[4, 1, 0, 5, 6, 3, 2]
[(1, 4), (0, 1), (0, 5), (0, 6), (3, 6), (1, 2)]
[(1, 3), (1, 5), (1, 6), (3, 4), (4, 5)]
[4, 1, 3, 5, 0, 2, 6]
[(1, 4), (3, 4), (4, 5), (0, 1), (1, 2), (1, 6)]
[(0, 5), (0, 6), (1, 3), (1, 5), (3, 6)]
[(0, 6), (1, 4), (1, 5), (1, 6), (1, 2), (1, 3)]
[1, 1, 0, 0, 1, 0]
[(0, 5), (1, 5), (1, 2), (0, 6), (1, 3), (3, 4)]
[0, 0, 1, 0, 0, 1]

32
[(0, 1), (0, 2), (0, 3), (0, 6), (1, 6), (2, 6), (3, 6), (4, 5), (4, 6)]
2
[2, 0, 1, 6, 3, 4, 5]
[(0, 2), (0, 1), (1, 6), (3, 6), (4, 6), (4, 5)]
[(0, 3), (0, 6), (2, 6)]
[2, 0, 6, 1, 3, 4, 5]
[(0, 2), (2, 6), (0, 1), (0, 3), (4, 6), (4, 5)]
[(0, 6), (1, 6), (3, 6)]
[(2, 6), (0, 1), (0, 6), (3, 6), (0, 3), (4, 6)]
[0, 1, 0, 1, 0, 1]
[(0, 1), (2, 6), (0, 2), (0, 3), (1, 6), (4, 6)]
[1, 1, 1, 1, 0, 1]

33
[(0, 3), (0, 6), (1, 3), (1, 4), (2, 4), (2, 5), (3, 4), (3, 5), (4, 6)]
6
[6, 0, 3, 1, 4, 2, 5]
[(0, 6), (0, 3), (1, 3), (1, 4), (2, 4), (2, 5)]
[(3, 4), (3, 5), (4, 6)]
[6, 0, 4, 3, 1, 2, 5]
[(0, 6), (4, 6), (0, 3), (1, 4), (2, 4), (3, 5)]
[(1, 3), (2, 5), (3, 4)]
[(4, 6), (3, 5), (2, 4), (3, 4), (0, 3), (2, 5)]
[0, 0, 1, 0, 1, 1]
[(0, 6), (2, 4), (0, 3), (1, 4), (4, 6), (2, 5)]
[1, 1, 1, 1, 1, 0]

34
[(0, 6), (1, 3), (1, 5), (1, 6), (2, 3), (2, 5), (2, 6), (3, 5), (4, 5), (4, 6), (5, 6)]
4
[4, 5, 1, 3, 2, 6, 0]
[(4, 5), (1, 5), (1, 3), (2, 3), (2, 6), (0, 6)]
[(1, 6), (2, 5), (3, 5), (4, 6), (5, 6)]
[4, 5, 6, 1, 2, 3, 0]
[(4, 5), (4, 6), (1, 5), (2, 5), (3, 5), (0, 6)]
[(1, 3), (1, 6), (2, 3), (2, 6), (5, 6)]
[(3, 5), (4, 6), (1, 3), (2, 6), (1, 5), (0, 6)]
[0, 0, 1, 1, 1, 1]
[(2, 5), (1, 3), (3, 5), (2, 3), (5, 6), (4, 6)]
[1, 0, 1, 0, 0, 1]

35
[(0, 1), (0, 2), (0, 3), (0, 4), (0, 5), (0, 6), (1, 2), (1, 6), (2, 3), (4, 6), (5, 6)]
2
[2, 0, 1, 6, 4, 5, 3]
[(0, 2), (0, 1), (1, 6), (4, 6), (5, 6), (0, 3)]
[(0, 4), (0, 5), (0, 6), (1, 2), (2, 3)]
[2, 0, 1, 3, 4, 5, 6]
[(0, 2), (1, 2), (2, 3), (0, 4), (0, 5), (0, 6)]
[(0, 1), (0, 3), (1, 6), (4, 6), (5, 6)]
[(0, 2), (4, 6), (1, 6), (0, 1), (2, 3), (0, 3)]
[1, 1, 1, 1, 0, 1]
[(0, 1), (5, 6), (0, 4), (0, 6), (4, 6), (0, 3)]
[0, 0, 1, 1, 0, 0]

36
[(0, 1), (0, 2), (1, 6), (2, 3), (2, 4), (2, 5), (3, 4), (3, 5), (3, 6)]
6
[6, 1, 0, 2, 3, 4, 5]
[(1, 6), (0, 1), (0, 2), (2, 3), (3, 4), (3, 5)]
[(2, 4), (2, 5), (3, 6)]
[6, 1, 3, 0, 2, 4, 5]
[(1, 6), (3, 6), (0, 1), (2, 3), (3, 4), (3, 5)]
[(0, 2), (2, 4), (2, 5)]
[(2, 3), (1, 6), (2, 5), (3, 4), (3, 5), (0, 1)]
[1, 1, 0, 1, 1, 1]
[(3, 6), (0, 1), (2, 4), (2, 5), (1, 6), (3, 4)]
[1, 1, 0, 0, 1, 1]

37
[(0, 4), (0, 5), (0, 6), (1, 5), (1, 6), (2, 3), (2, 6), (4, 5), (4, 6), (5, 6)]
4
[4, 0, 5, 1, 6, 2, 3]
[(0, 4), (0, 5), (1, 5), (1, 6), (2, 6), (2, 3)]
[(0, 6), (4, 5), (4, 6), (5, 6)]
[4, 0, 5, 6, 1, 2, 3]
[(0, 4), (4, 5), (4, 6), (1, 5), (2, 6), (2, 3)]
[(0, 5), (0, 6), (1, 6), (5, 6)]
[(0, 6), (4, 5), (0, 4), (1, 6), (0, 5), (5, 6)]
[0, 0, 1, 1, 1, 0]
[(5, 6), (1, 6), (4, 6), (0, 6), (1, 5), (0, 5)]
[0, 0, 1, 0, 1, 0]

38
[(0, 1), (0, 3), (0, 6), (1, 2), (1, 4), (1, 5), (2, 6), (3, 5), (3, 6), (5, 6)]
2
[2, 1, 0, 3, 5, 6, 4]
[(1, 2), (0, 1), (0, 3), (3, 5), (5, 6), (1, 4)]
[(0, 6), (1, 5), (2, 6), (3, 6)]
[2, 1, 6, 0, 4, 5, 3]
[(1, 2), (2, 6), (0, 1), (1, 4), (1, 5), (3, 6)]
[(0, 3), (0, 6), (3, 5), (5, 6)]
[(3, 5), (3, 6), (1, 2), (0, 3), (0, 6), (0, 1)]
[1, 0, 1, 1, 0, 1]
[(3, 6), (1, 2), (0, 1), (2, 6), (3, 5), (1, 5)]
[1, 1, 1, 1, 0, 1]

39
[(0, 1), (0, 4), (1, 4), (1, 5), (1, 6), (2, 3), (2, 5), (3, 5), (5, 6)]
3
[3, 2, 5, 1, 0, 4, 6]
[(2, 3), (2, 5), (1, 5), (0, 1), (0, 4), (1, 6)]
[(1, 4), (3, 5), (5, 6)]
[3, 2, 5, 1, 6, 0, 4]
[(2, 3), (3, 5), (1, 5), (5, 6), (0, 1), (1, 4)]
[(0, 4), (1, 6), (2, 5)]
[(2, 5), (3, 5), (1, 6), (0, 1), (5, 6), (1, 5)]
[1, 0, 1, 1, 0, 1]
[(1, 4), (5, 6), (1, 5), (0, 1), (2, 3), (0, 4)]
[1, 1, 1, 1, 1, 0]

40
[(0, 2), (1, 2), (1, 3), (1, 5), (2, 4), (2, 5), (2, 6), (3, 4), (3, 6), (4, 6)]
1
[1, 2, 0, 4, 3, 6, 5]
[(1, 2), (0, 2), (2, 4), (3, 4), (3, 6), (2, 5)]
[(1, 3), (1, 5), (2, 6), (4, 6)]
[1, 2, 3, 5, 0, 4, 6]
[(1, 2), (1, 3), (1, 5), (0, 2), (2, 4), (2, 6)]
[(2, 5), (3, 4), (3, 6), (4, 6)]
[(2, 5), (3, 6), (0, 2), (3, 4), (4, 6), (1, 2)]
[1, 1, 1, 1, 0, 1]
[(2, 5), (3, 4), (4, 6), (3, 6), (2, 6), (1, 2)]
[0, 0, 0, 0, 1, 1]

41
[(0, 1), (0, 4), (0, 6), (1, 2), (1, 3), (1, 4), (1, 5), (2, 3), (2, 4), (3, 4), (4, 6)]
2
[2, 1, 0, 4, 3, 6, 5]
[(1, 2), (0, 1), (0, 4), (3, 4), (4, 6), (1, 5)]
[(0, 6), (1, 3), (1, 4), (2, 3), (2, 4)]
[2, 1, 3, 4, 0, 5, 6]
[(1, 2), (2, 3), (2, 4), (0, 1), (1, 5), (4, 6)]
[(0, 4), (0, 6), (1, 3), (1, 4), (3, 4)]
[(1, 3), (0, 6), (1, 4), (1, 5), (0, 1), (2, 4)]
[0, 0, 0, 1, 1, 0]
[(1, 5), (0, 4), (0, 6), (1, 4), (3, 4), (2, 3)]
[1, 0, 0, 0, 0, 1]

42
[(0, 1), (0, 4), (0, 5), (1, 3), (1, 5), (2, 4), (3, 5), (3, 6), (4, 6), (5, 6)]
1
[1, 0, 4, 2, 6, 3, 5]
[(0, 1), (0, 4), (2, 4), (4, 6), (3, 6), (3, 5)]
[(0, 5), (1, 3), (1, 5), (5, 6)]
[1, 0, 3, 5, 4, 6, 2]
[(0, 1), (1, 3), (1, 5), (0, 4), (3, 6), (2, 4)]
[(0, 5), (3, 5), (4, 6), (5, 6)]
[(0, 4), (4, 6), (3, 5), (3, 6), (2, 4), (1, 3)]
[1, 1, 1, 1, 1, 0]
[(3, 6), (2, 4), (1, 5), (5, 6), (0, 5), (4, 6)]
[1, 1, 1, 0, 0, 0]

43
[(0, 1), (0, 4), (0, 5), (0, 6), (1, 2), (1, 4), (2, 3), (2, 6), (3, 6), (4, 5)]
6
[6, 0, 1, 2, 3, 4, 5]
[(0, 6), (0, 1), (1, 2), (2, 3), (1, 4), (4, 5)]
[(0, 4), (0, 5), (2, 6), (3, 6)]
[6, 0, 2, 3, 1, 4, 5]
[(0, 6), (2, 6), (3, 6), (0, 1), (0, 4), (0, 5)]
[(1, 2), (1, 4), (2, 3), (4, 5)]
[(4, 5), (2, 3), (0, 6), (0, 5), (0, 1), (1, 2)]
[1, 1, 1, 0, 1, 1]
[(3, 6), (4, 5), (0, 6), (1, 2), (2, 3), (1, 4)]
[1, 0, 1, 0, 0, 0]

44
[(0, 1), (0, 3), (0, 4), (0, 6), (2, 3), (2, 4), (3, 4), (4, 5), (4, 6), (5, 6)]
6
[6, 0, 1, 3, 2, 4, 5]
[(0, 6), (0, 1), (0, 3), (2, 3), (2, 4), (4, 5)]
[(0, 4), (3, 4), (4, 6), (5, 6)]
[6, 0, 4, 5, 1, 3, 2]
[(0, 6), (4, 6), (5, 6), (0, 1), (0, 3), (2, 4)]
[(0, 4), (2, 3), (3, 4), (4, 5)]
[(0, 1), (0, 3), (2, 4), (2, 3), (4, 6), (4, 5)]
[1, 1, 1, 1, 0, 1]
[(0, 3), (0, 1), (4, 6), (0, 6), (5, 6), (4, 5)]
[1, 1, 1, 1, 1, 0]

45
[(0, 2), (0, 5), (0, 6), (1, 4), (1, 5), (1, 6), (3, 4), (3, 5), (4, 6), (5, 6)]
3
[3, 4, 1, 5, 0, 2, 6]
[(3, 4), (1, 4), (1, 5), (0, 5), (0, 2), (0, 6)]
[(1, 6), (3, 5), (4, 6), (5, 6)]
[3, 4, 5, 1, 6, 0, 2]
[(3, 4), (3, 5), (1, 4), (4, 6), (0, 5), (0, 2)]
[(0, 6), (1, 5), (1, 6), (5, 6)]
[(5, 6), (1, 6), (1, 4), (4, 6), (3, 5), (0, 5)]
[0, 0, 1, 0, 0, 1]
[(3, 4), (0, 5), (0, 6), (0, 2), (1, 4), (4, 6)]
[1, 1, 0, 1, 1, 1]

46
[(0, 5), (1, 4), (1, 5), (2, 3), (2, 4), (2, 6), (3, 4), (4, 6), (5, 6)]
3
[3, 2, 4, 1, 5, 0, 6]
[(2, 3), (2, 4), (1, 4), (1, 5), (0, 5), (5, 6)]
[(2, 6), (3, 4), (4, 6)]
[3, 2, 4, 6, 1, 5, 0]
[(2, 3), (3, 4), (2, 6), (1, 4), (5, 6), (0, 5)]
[(1, 5), (2, 4), (4, 6)]
[(2, 3), (0, 5), (1, 5), (2, 6), (3, 4), (5, 6)]
[1, 1, 1, 0, 0, 1]
[(2, 6), (1, 4), (3, 4), (0, 5), (5, 6), (4, 6)]
[1, 1, 1, 1, 1, 0]

47
[(0, 1), (0, 2), (0, 3), (1, 4), (1, 5), (2, 4), (2, 5), (3, 6), (4, 5), (4, 6)]
0
[0, 1, 4, 2, 5, 6, 3]
[(0, 1), (1, 4), (2, 4), (2, 5), (4, 6), (3, 6)]
[(0, 2), (0, 3), (1, 5), (4, 5)]
[0, 1, 2, 3, 4, 5, 6]
[(0, 1), (0, 2), (0, 3), (1, 4), (1, 5), (3, 6)]
[(2, 4), (2, 5), (4, 5), (4, 6)]
[(2, 5), (1, 5), (2, 4), (1, 4), (0, 3), (0, 1)]
[1, 0, 1, 1, 0, 1]
[(3, 6), (2, 5), (1, 4), (2, 4), (1, 5), (0, 1)]
[1, 0, 1, 0, 1, 1]

48
[(0, 1), (0, 2), (0, 4), (1, 2), (1, 4), (3, 5), (3, 6), (4, 5), (5, 6)]
4
[4, 0, 1, 2, 5, 3, 6]
[(0, 4), (0, 1), (1, 2), (4, 5), (3, 5), (3, 6)]
[(0, 2), (1, 4), (5, 6)]
[4, 0, 1, 5, 2, 3, 6]
[(0, 4), (1, 4), (4, 5), (0, 2), (3, 5), (5, 6)]
[(0, 1), (1, 2), (3, 6)]
[(4, 5), (1, 4), (3, 6), (0, 4), (0, 2), (5, 6)]
[1, 0, 1, 1, 0, 0]
[(3, 6), (1, 4), (1, 2), (3, 5), (4, 5), (0, 4)]
[0, 1, 0, 1, 1, 1]

49
[(0, 1), (0, 3), (0, 4), (0, 6), (1, 2), (1, 6), (2, 4), (2, 6), (3, 4), (4, 6), (5, 6)]
4
[4, 0, 1, 2, 6, 5, 3]
[(0, 4), (0, 1), (1, 2), (2, 6), (5, 6), (0, 3)]
[(0, 6), (1, 6), (2, 4), (3, 4), (4, 6)]
[4, 0, 2, 3, 6, 1, 5]
[(0, 4), (2, 4), (3, 4), (4, 6), (0, 1), (5, 6)]
[(0, 3), (0, 6), (1, 2), (1, 6), (2, 6)]
[(5, 6), (2, 6), (1, 2), (3, 4), (0, 1), (0, 4)]
[1, 1, 1, 0, 1, 1]
[(0, 6), (0, 4), (2, 6), (0, 3), (1, 2), (3, 4)]
[0, 1, 0, 0, 0, 1]

50
[(0, 2), (0, 3), (0, 4), (0, 5), (1, 5), (2, 3), (2, 4), (2, 5), (3, 5), (4, 5), (4, 6)]
5
[5, 0, 2, 3, 4, 6, 1]
[(0, 5), (0, 2), (2, 3), (2, 4), (4, 6), (1, 5)]
[(0, 3), (0, 4), (2, 5), (3, 5), (4, 5)]
[5, 0, 1, 2, 3, 4, 6]
[(0, 5), (1, 5), (2, 5), (3, 5), (4, 5), (4, 6)]
[(0, 2), (0, 3), (0, 4), (2, 3), (2, 4)]
[(0, 4), (0, 2), (4, 5), (0, 5), (0, 3), (4, 6)]
[0, 1, 0, 1, 0, 1]
[(2, 5), (0, 2), (4, 5), (0, 5), (0, 3), (4, 6)]
[1, 0, 1, 1, 0, 1]

51
[(0, 2), (0, 3), (0, 4), (0, 5), (0, 6), (1, 6), (2, 5), (3, 5), (3, 6), (4, 6)]
0
[0, 2, 5, 3, 6, 1, 4]
[(0, 2), (2, 5), (3, 5), (3, 6), (1, 6), (4, 6)]
[(0, 3), (0, 4), (0, 5), (0, 6)]
[0, 2, 3, 4, 5, 6, 1]
[(0, 2), (0, 3), (0, 4), (0, 5), (0, 6), (1, 6)]
[(2, 5), (3, 5), (3, 6), (4, 6)]
[(4, 6), (0, 2), (0, 5), (3, 6), (0, 4), (0, 3)]
[1, 1, 0, 1, 0, 0]
[(4, 6), (1, 6), (0, 6), (0, 5), (0, 3), (0, 4)]
[0, 1, 1, 1, 1, 1]

52
[(0, 3), (0, 4), (0, 5), (0, 6), (1, 4), (2, 4), (2, 5), (3, 4), (3, 5), (4, 5), (5, 6)]
1
[1, 4, 0, 3, 5, 2, 6]
[(1, 4), (0, 4), (0, 3), (3, 5), (2, 5), (5, 6)]
[(0, 5), (0, 6), (2, 4), (3, 4), (4, 5)]
[1, 4, 0, 2, 3, 5, 6]
[(1, 4), (0, 4), (2, 4), (3, 4), (4, 5), (0, 6)]
[(0, 3), (0, 5), (2, 5), (3, 5), (5, 6)]
[(3, 5), (0, 3), (2, 5), (2, 4), (3, 4), (1, 4)]
[1, 1, 1, 0, 0, 1]
[(1, 4), (3, 5), (0, 3), (4, 5), (0, 5), (2, 4)]
[1, 0, 0, 1, 0, 1]

53
[(0, 1), (0, 2), (0, 4), (1, 6), (2, 6), (3, 4), (3, 5), (4, 5), (4, 6)]
5
[5, 3, 4, 0, 1, 6, 2]
[(3, 5), (3, 4), (0, 4), (0, 1), (1, 6), (2, 6)]
[(0, 2), (4, 5), (4, 6)]
[5, 3, 4, 0, 6, 1, 2]
[(3, 5), (4, 5), (0, 4), (4, 6), (0, 1), (0, 2)]
[(1, 6), (2, 6), (3, 4)]
[(4, 5), (0, 4), (0, 2), (1, 6), (4, 6), (0, 1)]
[0, 1, 0, 1, 0, 1]
[(1, 6), (4, 6), (3, 4), (0, 2), (2, 6), (0, 1)]
[0, 1, 0, 1, 0, 1]

54
[(0, 1), (0, 2), (0, 3), (0, 4), (0, 5), (1, 5), (2, 5), (3, 4), (4, 6), (5, 6)]
4
[4, 0, 1, 5, 2, 6, 3]
[(0, 4), (0, 1), (1, 5), (2, 5), (5, 6), (0, 3)]
[(0, 2), (0, 5), (3, 4), (4, 6)]
[4, 0, 3, 6, 1, 2, 5]
[(0, 4), (3, 4), (4, 6), (0, 1), (0, 2), (0, 5)]
[(0, 3), (1, 5), (2, 5), (5, 6)]
[(0, 4), (4, 6), (1, 5), (0, 2), (3, 4), (0, 5)]
[1, 0, 1, 0, 0, 0]
[(0, 5), (5, 6), (4, 6), (0, 1), (3, 4), (0, 4)]
[1, 0, 1, 1, 1, 1]

55
[(0, 5), (0, 6), (1, 4), (2, 4), (2, 6), (3, 4), (3, 5), (4, 5), (4, 6)]
2
[2, 4, 1, 3, 5, 0, 6]
[(2, 4), (1, 4), (3, 4), (3, 5), (0, 5), (0, 6)]
[(2, 6), (4, 5), (4, 6)]
[2, 4, 6, 1, 3, 5, 0]
[(2, 4), (2, 6), (1, 4), (3, 4), (4, 5), (0, 6)]
[(0, 5), (3, 5), (4, 6)]
[(4, 6), (4, 5), (2, 4), (0, 6), (2, 6), (3, 5)]
[0, 0, 1, 1, 0, 1]
[(0, 5), (4, 6), (3, 5), (4, 5), (1, 4), (3, 4)]
[0, 0, 0, 1, 1, 1]

56
[(0, 2), (0, 4), (1, 2), (1, 4), (1, 6), (2, 3), (3, 4), (3, 6), (5, 6)]
5
[5, 6, 1, 2, 0, 4, 3]
[(5, 6), (1, 6), (1, 2), (0, 2), (0, 4), (3, 4)]
[(1, 4), (2, 3), (3, 6)]
[5, 6, 1, 3, 2, 4, 0]
[(5, 6), (1, 6), (3, 6), (1, 2), (1, 4), (0, 2)]
[(0, 4), (2, 3), (3, 4)]
[(1, 4), (1, 6), (0, 2), (3, 4), (1, 2), (0, 4)]
[0, 1, 1, 1, 1, 1]
[(0, 2), (3, 6), (1, 6), (2, 3), (0, 4), (1, 4)]
[1, 1, 1, 0, 0, 1]

57
[(0, 1), (0, 4), (0, 6), (1, 3), (2, 3), (2, 4), (2, 6), (3, 5), (3, 6), (5, 6)]
1
[1, 0, 4, 2, 3, 5, 6]
[(0, 1), (0, 4), (2, 4), (2, 3), (3, 5), (5, 6)]
[(0, 6), (1, 3), (2, 6), (3, 6)]
[1, 0, 3, 4, 6, 2, 5]
[(0, 1), (1, 3), (0, 4), (0, 6), (2, 3), (3, 5)]
[(2, 4), (2, 6), (3, 6), (5, 6)]
[(2, 3), (1, 3), (3, 6), (2, 4), (2, 6), (0, 6)]
[1, 0, 0, 1, 0, 0]
[(3, 6), (1, 3), (2, 6), (2, 4), (0, 6), (5, 6)]
[0, 1, 0, 0, 1, 0]

58
[(0, 2), (0, 4), (0, 6), (1, 2), (1, 3), (1, 5), (2, 4), (3, 6), (4, 6)]
2
[2, 0, 4, 6, 3, 1, 5]
[(0, 2), (0, 4), (4, 6), (3, 6), (1, 3), (1, 5)]
[(0, 6), (1, 2), (2, 4)]
[2, 0, 1, 4, 6, 3, 5]
[(0, 2), (1, 2), (2, 4), (0, 6), (1, 3), (1, 5)]
[(0, 4), (3, 6), (4, 6)]
[(0, 6), (1, 3), (4, 6), (0, 4), (1, 5), (0, 2)]
[0, 1, 1, 1, 1, 1]
[(1, 5), (2, 4), (0, 6), (0, 2), (1, 2), (0, 4)]
[1, 1, 1, 1, 1, 0]

59
[(0, 2), (0, 3), (0, 6), (1, 2), (1, 3), (1, 6), (2, 4), (2, 6), (3, 4), (4, 6), (5, 6)]
5
[5, 6, 0, 2, 1, 3, 4]
[(5, 6), (0, 6), (0, 2), (1, 2), (1, 3), (3, 4)]
[(0, 3), (1, 6), (2, 4), (2, 6), (4, 6)]
[5, 6, 0, 1, 2, 4, 3]
[(5, 6), (0, 6), (1, 6), (2, 6), (4, 6), (0, 3)]
[(0, 2), (1, 2), (1, 3), (2, 4), (3, 4)]
[(5, 6), (3, 4), (2, 4), (0, 2), (4, 6), (1, 2)]
[1, 1, 0, 1, 0, 1]
[(1, 2), (0, 3), (4, 6), (1, 6), (3, 4), (2, 6)]
[0, 1, 1, 1, 0, 1]

60
[(0, 2), (0, 3), (1, 3), (1, 4), (2, 3), (2, 4), (2, 6), (3, 4), (3, 5), (3, 6), (4, 6)]
5
[5, 3, 0, 2, 4, 1, 6]
[(3, 5), (0, 3), (0, 2), (2, 4), (1, 4), (4, 6)]
[(1, 3), (2, 3), (2, 6), (3, 4), (3, 6)]
[5, 3, 0, 1, 2, 4, 6]
[(3, 5), (0, 3), (1, 3), (2, 3), (3, 4), (3, 6)]
[(0, 2), (1, 4), (2, 4), (2, 6), (4, 6)]
[(0, 2), (1, 4), (2, 4), (4, 6), (3, 5), (3, 4)]
[1, 1, 1, 1, 1, 0]
[(1, 4), (3, 4), (2, 6), (3, 5), (0, 3), (1, 3)]
[0, 1, 0, 1, 1, 1]

61
[(0, 2), (0, 4), (0, 6), (1, 4), (1, 6), (2, 3), (2, 4), (3, 6), (5, 6)]
6
[6, 0, 2, 3, 4, 1, 5]
[(0, 6), (0, 2), (2, 3), (2, 4), (1, 4), (5, 6)]
[(0, 4), (1, 6), (3, 6)]
[6, 0, 1, 3, 5, 2, 4]
[(0, 6), (1, 6), (3, 6), (5, 6), (0, 2), (0, 4)]
[(1, 4), (2, 3), (2, 4)]
[(3, 6), (1, 6), (1, 4), (2, 3), (0, 4), (0, 6)]
[0, 0, 1, 1, 0, 1]
[(2, 4), (5, 6), (3, 6), (2, 3), (1, 6), (0, 4)]
[0, 1, 1, 0, 1, 1]

62
[(0, 1), (0, 2), (0, 3), (0, 4), (0, 6), (1, 4), (1, 5), (1, 6), (4, 5), (4, 6), (5, 6)]
4
[4, 0, 1, 5, 6, 2, 3]
[(0, 4), (0, 1), (1, 5), (5, 6), (0, 2), (0, 3)]
[(0, 6), (1, 4), (1, 6), (4, 5), (4, 6)]
[4, 0, 1, 5, 6, 2, 3]
[(0, 4), (1, 4), (4, 5), (4, 6), (0, 2), (0, 3)]
[(0, 1), (0, 6), (1, 5), (1, 6), (5, 6)]
[(0, 6), (0, 1), (4, 6), (1, 5), (0, 3), (4, 5)]
[0, 1, 0, 1, 1, 0]
[(0, 3), (0, 2), (0, 1), (0, 6), (1, 6), (5, 6)]
[1, 1, 0, 0, 0, 0]

63
[(0, 2), (0, 3), (0, 5), (0, 6), (1, 2), (1, 3), (2, 3), (3, 4), (3, 5), (3, 6), (5, 6)]
4
[4, 3, 0, 2, 1, 5, 6]
[(3, 4), (0, 3), (0, 2), (1, 2), (0, 5), (5, 6)]
[(0, 6), (1, 3), (2, 3), (3, 5), (3, 6)]
[4, 3, 0, 1, 2, 5, 6]
[(3, 4), (0, 3), (1, 3), (2, 3), (3, 5), (3, 6)]
[(0, 2), (0, 5), (0, 6), (1, 2), (5, 6)]
[(2, 3), (0, 2), (0, 6), (0, 5), (5, 6), (1, 2)]
[0, 1, 0, 1, 1, 1]
[(0, 6), (2, 3), (3, 5), (3, 4), (3, 6), (0, 5)]
[0, 1, 1, 1, 1, 0]

64
[(0, 4), (0, 5), (0, 6), (1, 3), (1, 5), (2, 4), (2, 5), (2, 6), (3, 4), (3, 5)]
0
[0, 4, 2, 5, 1, 3, 6]
[(0, 4), (2, 4), (2, 5), (1, 5), (1, 3), (2, 6)]
[(0, 5), (0, 6), (3, 4), (3, 5)]
[0, 4, 5, 6, 2, 3, 1]
[(0, 4), (0, 5), (0, 6), (2, 4), (3, 4), (1, 5)]
[(1, 3), (2, 5), (2, 6), (3, 5)]
[(3, 5), (0, 5), (0, 6), (0, 4), (3, 4), (2, 4)]
[0, 0, 0, 1, 0, 1]
[(3, 5), (2, 5), (1, 3), (1, 5), (2, 6), (0, 4)]
[0, 0, 0, 1, 0, 1]

65
[(0, 1), (0, 6), (1, 2), (1, 4), (1, 5), (1, 6), (2, 6), (3, 4), (4, 5)]
4
[4, 1, 0, 6, 2, 5, 3]
[(1, 4), (0, 1), (0, 6), (2, 6), (1, 5), (3, 4)]
[(1, 2), (1, 6), (4, 5)]
[4, 1, 3, 5, 0, 2, 6]
[(1, 4), (3, 4), (4, 5), (0, 1), (1, 2), (1, 6)]
[(0, 6), (1, 5), (2, 6)]
[(1, 6), (1, 4), (0, 6), (1, 2), (4, 5), (3, 4)]
[0, 1, 1, 0, 0, 1]
[(3, 4), (4, 5), (1, 5), (0, 1), (0, 6), (1, 4)]
[1, 1, 0, 1, 0, 1]

66
[(0, 6), (1, 2), (1, 3), (1, 6), (2, 5), (2, 6), (3, 4), (3, 5), (4, 5), (5, 6)]
5
[5, 2, 1, 3, 4, 6, 0]
[(2, 5), (1, 2), (1, 3), (3, 4), (1, 6), (0, 6)]
[(2, 6), (3, 5), (4, 5), (5, 6)]
[5, 2, 3, 4, 6, 1, 0]
[(2, 5), (3, 5), (4, 5), (5, 6), (1, 2), (0, 6)]
[(1, 3), (1, 6), (2, 6), (3, 4)]
[(2, 6), (4, 5), (0, 6), (3, 5), (1, 6), (5, 6)]
[0, 0, 1, 0, 1, 0]
[(3, 4), (1, 3), (5, 6), (4, 5), (2, 6), (1, 6)]
[0, 0, 1, 1, 0, 0]

67
[(0, 3), (0, 4), (0, 5), (0, 6), (1, 2), (1, 3), (2, 5), (2, 6), (3, 4), (4, 5)]
5
[5, 0, 3, 1, 2, 6, 4]
[(0, 5), (0, 3), (1, 3), (1, 2), (2, 6), (3, 4)]
[(0, 4), (0, 6), (2, 5), (4, 5)]
[5, 0, 2, 4, 3, 6, 1]
[(0, 5), (2, 5), (4, 5), (0, 3), (0, 6), (1, 2)]
[(0, 4), (1, 3), (2, 6), (3, 4)]
[(0, 3), (1, 3), (3, 4), (1, 2), (2, 6), (4, 5)]
[1, 1, 1, 1, 1, 0]
[(2, 5), (1, 2), (0, 6), (0, 4), (1, 3), (0, 3)]
[1, 1, 1, 0, 0, 1]

68
[(0, 2), (1, 3), (1, 4), (1, 5), (1, 6), (2, 3), (2, 4), (2, 5), (3, 4), (5, 6)]
5
[5, 1, 3, 2, 0, 4, 6]
[(1, 5), (1, 3), (2, 3), (0, 2), (2, 4), (1, 6)]
[(1, 4), (2, 5), (3, 4), (5, 6)]
[5, 1, 2, 6, 3, 4, 0]
[(1, 5), (2, 5), (5, 6), (1, 3), (1, 4), (0, 2)]
[(1, 6), (2, 3), (2, 4), (3, 4)]
[(1, 3), (2, 3), (2, 5), (1, 4), (3, 4), (2, 4)]
[1, 1, 0, 0, 0, 1]
[(3, 4), (5, 6), (1, 4), (0, 2), (1, 5), (1, 3)]
[0, 1, 1, 1, 1, 1]

69
[(0, 3), (0, 4), (0, 5), (1, 3), (1, 4), (1, 6), (2, 6), (4, 5), (4, 6), (5, 6)]
1
[1, 3, 0, 4, 5, 6, 2]
[(1, 3), (0, 3), (0, 4), (4, 5), (5, 6), (2, 6)]
[(0, 5), (1, 4), (1, 6), (4, 6)]
[1, 3, 4, 6, 0, 5, 2]
[(1, 3), (1, 4), (1, 6), (0, 3), (4, 5), (2, 6)]
[(0, 4), (0, 5), (4, 6), (5, 6)]
[(1, 6), (1, 3), (5, 6), (0, 5), (0, 4), (2, 6)]
[0, 1, 1, 0, 1, 1]
[(1, 3), (2, 6), (5, 6), (0, 5), (0, 4), (4, 6)]
[1, 1, 0, 0, 0, 0]

70
[(0, 1), (0, 3), (0, 5), (0, 6), (1, 4), (2, 5), (2, 6), (3, 4), (4, 5)]
5
[5, 0, 1, 4, 3, 6, 2]
[(0, 5), (0, 1), (1, 4), (3, 4), (0, 6), (2, 6)]
[(0, 3), (2, 5), (4, 5)]
[5, 0, 2, 4, 1, 3, 6]
[(0, 5), (2, 5), (4, 5), (0, 1), (0, 3), (0, 6)]
[(1, 4), (2, 6), (3, 4)]
[(3, 4), (1, 4), (0, 3), (0, 6), (0, 1), (2, 6)]
[1, 1, 0, 1, 1, 1]
[(0, 5), (1, 4), (0, 1), (2, 6), (3, 4), (4, 5)]
[1, 0, 1, 0, 0, 1]

71
[(0, 1), (0, 6), (1, 3), (1, 6), (2, 4), (2, 5), (2, 6), (4, 5), (4, 6), (5, 6)]
6
[6, 0, 1, 3, 2, 4, 5]
[(0, 6), (0, 1), (1, 3), (2, 6), (2, 4), (4, 5)]
[(1, 6), (2, 5), (4, 6), (5, 6)]
[6, 0, 1, 2, 4, 5, 3]
[(0, 6), (1, 6), (2, 6), (4, 6), (5, 6), (1, 3)]
[(0, 1), (2, 4), (2, 5), (4, 5)]
[(4, 5), (0, 6), (4, 6), (2, 6), (0, 1), (2, 5)]
[1, 1, 0, 1, 1, 0]
[(0, 1), (4, 6), (5, 6), (1, 3), (2, 5), (4, 5)]
[0, 1, 1, 1, 0, 0]

72
[(0, 1), (0, 4), (0, 5), (1, 2), (1, 4), (2, 4), (3, 6), (4, 5), (5, 6)]
0
[0, 1, 2, 4, 5, 6, 3]
[(0, 1), (1, 2), (2, 4), (4, 5), (5, 6), (3, 6)]
[(0, 4), (0, 5), (1, 4)]
[0, 1, 4, 5, 2, 6, 3]
[(0, 1), (0, 4), (0, 5), (1, 2), (5, 6), (3, 6)]
[(1, 4), (2, 4), (4, 5)]
[(2, 4), (0, 5), (4, 5), (0, 1), (1, 4), (3, 6)]
[1, 0, 1, 1, 0, 1]
[(1, 2), (1, 4), (2, 4), (0, 5), (3, 6), (5, 6)]
[1, 0, 0, 1, 1, 1]

73
[(0, 5), (0, 6), (1, 5), (2, 4), (2, 5), (3, 5), (3, 6), (4, 5), (5, 6)]
2
[2, 4, 5, 0, 6, 3, 1]
[(2, 4), (4, 5), (0, 5), (0, 6), (3, 6), (1, 5)]
[(2, 5), (3, 5), (5, 6)]
[2, 4, 5, 0, 1, 3, 6]
[(2, 4), (2, 5), (0, 5), (1, 5), (3, 5), (5, 6)]
[(0, 6), (3, 6), (4, 5)]
[(3, 5), (4, 5), (0, 5), (5, 6), (2, 4), (2, 5)]
[0, 1, 1, 0, 1, 0]
[(3, 6), (0, 6), (3, 5), (2, 4), (4, 5), (5, 6)]
[0, 0, 1, 1, 0, 1]

74
[(0, 3), (1, 2), (1, 4), (1, 5), (2, 4), (2, 5), (2, 6), (3, 6), (4, 5), (5, 6)]
6
[6, 2, 1, 4, 5, 3, 0]
[(2, 6), (1, 2), (1, 4), (4, 5), (3, 6), (0, 3)]
[(1, 5), (2, 4), (2, 5), (5, 6)]
[6, 2, 3, 5, 1, 4, 0]
[(2, 6), (3, 6), (5, 6), (1, 2), (2, 4), (0, 3)]
[(1, 4), (1, 5), (2, 5), (4, 5)]
[(5, 6), (2, 5), (1, 5), (2, 4), (2, 6), (0, 3)]
[0, 0, 0, 0, 1, 1]
[(5, 6), (2, 4), (0, 3), (2, 5), (3, 6), (2, 6)]
[1, 1, 1, 0, 1, 1]

75
[(0, 2), (0, 3), (0, 5), (0, 6), (1, 3), (2, 3), (2, 4), (4, 5), (4, 6)]
4
[4, 2, 0, 3, 1, 5, 6]
[(2, 4), (0, 2), (0, 3), (1, 3), (0, 5), (0, 6)]
[(2, 3), (4, 5), (4, 6)]
[4, 2, 5, 6, 0, 3, 1]
[(2, 4), (4, 5), (4, 6), (0, 2), (2, 3), (1, 3)]
[(0, 3), (0, 5), (0, 6)]
[(0, 2), (4, 5), (0, 6), (0, 3), (2, 3), (4, 6)]
[1, 0, 1, 1, 0, 0]
[(1, 3), (2, 4), (0, 5), (0, 3), (4, 5), (4, 6)]
[1, 1, 0, 0, 1, 1]

76
[(0, 5), (0, 6), (1, 3), (1, 4), (1, 5), (2, 3), (2, 4), (4, 5), (5, 6)]
5
[5, 0, 6, 1, 3, 2, 4]
[(0, 5), (0, 6), (1, 5), (1, 3), (2, 3), (2, 4)]
[(1, 4), (4, 5), (5, 6)]
[5, 0, 1, 4, 6, 3, 2]
[(0, 5), (1, 5), (4, 5), (5, 6), (1, 3), (2, 4)]
[(0, 6), (1, 4), (2, 3)]
[(0, 6), (1, 4), (2, 4), (5, 6), (1, 5), (2, 3)]
[1, 0, 1, 0, 1, 1]
[(1, 3), (1, 5), (4, 5), (2, 3), (5, 6), (2, 4)]
[1, 1, 1, 0, 1, 1]

77
[(0, 1), (0, 4), (0, 6), (1, 3), (2, 4), (2, 5), (3, 5), (4, 6), (5, 6)]
6
[6, 0, 1, 3, 5, 2, 4]
[(0, 6), (0, 1), (1, 3), (3, 5), (2, 5), (2, 4)]
[(0, 4), (4, 6), (5, 6)]
[6, 0, 4, 5, 1, 2, 3]
[(0, 6), (4, 6), (5, 6), (0, 1), (2, 4), (3, 5)]
[(0, 4), (1, 3), (2, 5)]
[(5, 6), (2, 4), (4, 6), (0, 4), (0, 6), (2, 5)]
[0, 1, 0, 0, 1, 1]
[(3, 5), (0, 6), (1, 3), (0, 4), (2, 5), (0, 1)]
[1, 1, 0, 0, 0, 1]

78
[(0, 2), (0, 3), (0, 4), (1, 2), (1, 4), (1, 5), (1, 6), (3, 6), (4, 6)]
6
[6, 1, 2, 0, 3, 4, 5]
[(1, 6), (1, 2), (0, 2), (0, 3), (0, 4), (1, 5)]
[(1, 4), (3, 6), (4, 6)]
[6, 1, 3, 4, 2, 5, 0]
[(1, 6), (3, 6), (4, 6), (1, 2), (1, 5), (0, 3)]
[(0, 2), (0, 4), (1, 4)]
[(0, 3), (1, 5), (1, 4), (1, 2), (3, 6), (0, 2)]
[1, 1, 0, 1, 0, 1]
[(1, 2), (0, 2), (1, 6), (4, 6), (1, 5), (0, 3)]
[1, 0, 1, 1, 1, 1]

79
[(0, 1), (0, 3), (0, 5), (0, 6), (1, 2), (1, 5), (1, 6), (2, 5), (3, 4), (3, 6), (5, 6)]
5
[5, 0, 1, 2, 6, 3, 4]
[(0, 5), (0, 1), (1, 2), (1, 6), (3, 6), (3, 4)]
[(0, 3), (0, 6), (1, 5), (2, 5), (5, 6)]
[5, 0, 1, 2, 6, 3, 4]
[(0, 5), (1, 5), (2, 5), (5, 6), (0, 3), (3, 4)]
[(0, 1), (0, 6), (1, 2), (1, 6), (3, 6)]
[(1, 2), (0, 6), (5, 6), (0, 3), (1, 6), (1, 5)]
[1, 0, 0, 0, 1, 0]
[(3, 6), (0, 1), (5, 6), (3, 4), (0, 5), (1, 2)]
[0, 0, 1, 1, 1, 0]

80
[(0, 4), (0, 5), (0, 6), (1, 2), (1, 3), (1, 5), (2, 3), (2, 4), (3, 4), (4, 5)]
0
[0, 4, 2, 1, 3, 5, 6]
[(0, 4), (2, 4), (1, 2), (1, 3), (1, 5), (0, 6)]
[(0, 5), (2, 3), (3, 4), (4, 5)]
[0, 4, 5, 6, 2, 3, 1]
[(0, 4), (0, 5), (0, 6), (2, 4), (3, 4), (1, 5)]
[(1, 2), (1, 3), (2, 3), (4, 5)]
[(1, 2), (0, 5), (0, 6), (1, 3), (2, 4), (4, 5)]
[1, 0, 1, 1, 1, 0]
[(0, 4), (0, 5), (1, 2), (1, 5), (0, 6), (2, 4)]
[1, 1, 0, 1, 1, 1]

81
[(0, 1), (0, 2), (0, 4), (0, 6), (1, 3), (1, 5), (2, 3), (2, 5), (3, 4)]
1
[1, 0, 2, 3, 4, 5, 6]
[(0, 1), (0, 2), (2, 3), (3, 4), (2, 5), (0, 6)]
[(0, 4), (1, 3), (1, 5)]
[1, 0, 3, 5, 2, 4, 6]
[(0, 1), (1, 3), (1, 5), (0, 2), (0, 4), (0, 6)]
[(2, 3), (2, 5), (3, 4)]
[(1, 5), (0, 6), (1, 3), (0, 4), (2, 3), (0, 2)]
[0, 1, 0, 0, 1, 1]
[(0, 1), (1, 5), (0, 6), (3, 4), (0, 4), (2, 3)]
[1, 1, 1, 0, 1, 0]

82
[(0, 3), (0, 6), (1, 4), (2, 3), (2, 4), (2, 5), (2, 6), (3, 5), (4, 5), (5, 6)]
5
[5, 2, 3, 0, 6, 4, 1]
[(2, 5), (2, 3), (0, 3), (0, 6), (2, 4), (1, 4)]
[(2, 6), (3, 5), (4, 5), (5, 6)]
[5, 2, 3, 4, 6, 0, 1]
[(2, 5), (3, 5), (4, 5), (5, 6), (0, 3), (1, 4)]
[(0, 6), (2, 3), (2, 4), (2, 6)]
[(0, 6), (0, 3), (2, 3), (1, 4), (2, 4), (2, 6)]
[1, 1, 1, 1, 1, 0]
[(5, 6), (2, 5), (4, 5), (2, 6), (0, 3), (3, 5)]
[1, 1, 1, 0, 1, 1]

83
[(0, 3), (1, 2), (1, 3), (1, 6), (2, 5), (2, 6), (3, 4), (3, 6), (4, 5), (4, 6), (5, 6)]
3
[3, 0, 1, 2, 5, 4, 6]
[(0, 3), (1, 3), (1, 2), (2, 5), (4, 5), (4, 6)]
[(1, 6), (2, 6), (3, 4), (3, 6), (5, 6)]
[3, 0, 1, 4, 6, 2, 5]
[(0, 3), (1, 3), (3, 4), (3, 6), (1, 2), (4, 5)]
[(1, 6), (2, 5), (2, 6), (4, 6), (5, 6)]
[(5, 6), (2, 6), (4, 6), (1, 6), (1, 3), (3, 6)]
[0, 0, 1, 0, 1, 0]
[(4, 5), (1, 3), (2, 6), (1, 2), (0, 3), (3, 4)]
[1, 1, 0, 1, 1, 1]

84
[(0, 3), (0, 4), (0, 5), (0, 6), (1, 2), (1, 4), (2, 3), (2, 5), (2, 6), (4, 6)]
6
[6, 0, 3, 2, 1, 4, 5]
[(0, 6), (0, 3), (2, 3), (1, 2), (1, 4), (2, 5)]
[(0, 4), (0, 5), (2, 6), (4, 6)]
[6, 0, 2, 4, 3, 5, 1]
[(0, 6), (2, 6), (4, 6), (0, 3), (0, 5), (1, 2)]
[(0, 4), (1, 4), (2, 3), (2, 5)]
[(1, 2), (0, 5), (2, 3), (0, 3), (0, 4), (4, 6)]
[1, 0, 1, 1, 0, 0]
[(2, 3), (0, 6), (1, 4), (0, 4), (0, 5), (2, 6)]
[0, 1, 0, 0, 1, 1]

85
[(0, 2), (0, 3), (0, 4), (0, 6), (1, 3), (1, 6), (2, 4), (2, 5), (2, 6), (4, 5)]
1
[1, 3, 0, 2, 4, 5, 6]
[(1, 3), (0, 3), (0, 2), (2, 4), (4, 5), (2, 6)]
[(0, 4), (0, 6), (1, 6), (2, 5)]
[1, 3, 6, 0, 2, 4, 5]
[(1, 3), (1, 6), (0, 3), (2, 6), (0, 4), (2, 5)]
[(0, 2), (0, 6), (2, 4), (4, 5)]
[(4, 5), (2, 6), (1, 3), (2, 5), (2, 4), (0, 2)]
[1, 1, 1, 0, 1, 1]
[(2, 6), (0, 4), (0, 6), (0, 3), (2, 5), (4, 5)]
[1, 1, 0, 1, 1, 0]

86
[(0, 4), (0, 6), (1, 2), (1, 3), (1, 4), (2, 5), (2, 6), (3, 6), (4, 6)]
3
[3, 1, 2, 5, 6, 0, 4]
[(1, 3), (1, 2), (2, 5), (2, 6), (0, 6), (0, 4)]
[(1, 4), (3, 6), (4, 6)]
[3, 1, 6, 2, 4, 0, 5]
[(1, 3), (3, 6), (1, 2), (1, 4), (0, 6), (2, 5)]
[(0, 4), (2, 6), (4, 6)]
[(1, 3), (4, 6), (1, 2), (2, 5), (3, 6), (1, 4)]
[1, 0, 1, 1, 0, 0]
[(1, 3), (4, 6), (2, 5), (1, 2), (3, 6), (0, 6)]
[1, 0, 1, 1, 1, 1]

87
[(0, 1), (0, 3), (0, 4), (0, 5), (0, 6), (1, 6), (2, 6), (3, 5), (3, 6), (5, 6)]
0
[0, 1, 6, 2, 3, 5, 4]
[(0, 1), (1, 6), (2, 6), (3, 6), (3, 5), (0, 4)]
[(0, 3), (0, 5), (0, 6), (5, 6)]
[0, 1, 3, 4, 5, 6, 2]
[(0, 1), (0, 3), (0, 4), (0, 5), (0, 6), (2, 6)]
[(1, 6), (3, 5), (3, 6), (5, 6)]
[(3, 6), (0, 3), (0, 6), (5, 6), (2, 6), (0, 5)]
[1, 0, 0, 0, 1, 0]
[(5, 6), (0, 4), (0, 3), (1, 6), (3, 6), (0, 1)]
[0, 1, 1, 0, 0, 1]

88
[(0, 1), (0, 4), (0, 5), (1, 3), (1, 5), (2, 3), (2, 5), (3, 6), (4, 5), (5, 6)]
1
[1, 0, 4, 5, 2, 3, 6]
[(0, 1), (0, 4), (4, 5), (2, 5), (2, 3), (3, 6)]
[(0, 5), (1, 3), (1, 5), (5, 6)]
[1, 0, 3, 5, 4, 2, 6]
[(0, 1), (1, 3), (1, 5), (0, 4), (2, 3), (3, 6)]
[(0, 5), (2, 5), (4, 5), (5, 6)]
[(2, 5), (0, 5), (3, 6), (4, 5), (0, 1), (0, 4)]
[1, 0, 1, 1, 1, 1]
[(3, 6), (5, 6), (0, 5), (4, 5), (2, 5), (1, 3)]
[1, 0, 0, 0, 0, 1]

89
[(0, 2), (1, 2), (1, 5), (1, 6), (2, 3), (2, 4), (3, 4), (3, 5), (3, 6), (4, 5), (4, 6)]
5
[5, 1, 2, 0, 3, 4, 6]
[(1, 5), (1, 2), (0, 2), (2, 3), (3, 4), (4, 6)]
[(1, 6), (2, 4), (3, 5), (3, 6), (4, 5)]
[5, 1, 3, 4, 2, 6, 0]
[(1, 5), (3, 5), (4, 5), (1, 2), (1, 6), (0, 2)]
[(2, 3), (2, 4), (3, 4), (3, 6), (4, 6)]
[(2, 4), (2, 3), (1, 5), (4, 6), (3, 5), (3, 4)]
[0, 1, 1, 1, 0, 1]
[(1, 2), (4, 5), (0, 2), (4, 6), (1, 6), (2, 4)]
[1, 1, 1, 0, 1, 0]

90
[(0, 2), (0, 4), (0, 6), (1, 2), (1, 4), (2, 3), (2, 4), (2, 6), (3, 4), (3, 5), (4, 5)]
6
[6, 0, 2, 1, 4, 3, 5]
[(0, 6), (0, 2), (1, 2), (1, 4), (3, 4), (3, 5)]
[(0, 4), (2, 3), (2, 4), (2, 6), (4, 5)]
[6, 0, 2, 4, 1, 3, 5]
[(0, 6), (2, 6), (0, 4), (1, 2), (2, 3), (4, 5)]
[(0, 2), (1, 4), (2, 4), (3, 4), (3, 5)]
[(1, 2), (4, 5), (2, 3), (2, 6), (3, 5), (0, 4)]
[1, 0, 0, 0, 1, 0]
[(2, 3), (0, 6), (0, 4), (4, 5), (0, 2), (2, 6)]
[1, 1, 1, 1, 0, 1]

91
[(0, 1), (0, 4), (0, 5), (1, 2), (1, 3), (1, 4), (2, 3), (2, 4), (2, 6), (5, 6)]
2
[2, 1, 0, 4, 5, 6, 3]
[(1, 2), (0, 1), (0, 4), (0, 5), (5, 6), (1, 3)]
[(1, 4), (2, 3), (2, 4), (2, 6)]
[2, 1, 3, 4, 6, 0, 5]
[(1, 2), (2, 3), (2, 4), (2, 6), (0, 1), (5, 6)]
[(0, 4), (0, 5), (1, 3), (1, 4)]
[(1, 4), (2, 6), (2, 4), (0, 4), (1, 3), (2, 3)]
[0, 0, 0, 1, 1, 0]
[(1, 4), (0, 4), (2, 3), (0, 5), (1, 2), (1, 3)]
[0, 0, 1, 0, 1, 0]

92
[(0, 1), (0, 2), (1, 2), (1, 3), (1, 4), (1, 5), (2, 3), (2, 4), (3, 5), (3, 6)]
6
[6, 3, 1, 0, 2, 4, 5]
[(3, 6), (1, 3), (0, 1), (0, 2), (2, 4), (1, 5)]
[(1, 2), (1, 4), (2, 3), (3, 5)]
[6, 3, 1, 2, 5, 0, 4]
[(3, 6), (1, 3), (2, 3), (3, 5), (0, 1), (1, 4)]
[(0, 2), (1, 2), (1, 5), (2, 4)]
[(2, 4), (1, 2), (0, 1), (1, 4), (2, 3), (1, 3)]
[1, 0, 1, 0, 0, 1]
[(3, 6), (1, 4), (1, 3), (0, 1), (2, 3), (0, 2)]
[1, 1, 1, 1, 1, 0]

93
[(0, 2), (0, 5), (0, 6), (1, 3), (1, 4), (2, 5), (2, 6), (3, 5), (4, 5), (5, 6)]
5
[5, 0, 2, 6, 3, 1, 4]
[(0, 5), (0, 2), (2, 6), (3, 5), (1, 3), (1, 4)]
[(0, 6), (2, 5), (4, 5), (5, 6)]
[5, 0, 2, 3, 4, 6, 1]
[(0, 5), (2, 5), (3, 5), (4, 5), (5, 6), (1, 3)]
[(0, 2), (0, 6), (1, 4), (2, 6)]
[(3, 5), (0, 5), (1, 4), (0, 2), (2, 6), (2, 5)]
[1, 1, 1, 1, 1, 0]
[(0, 5), (1, 4), (5, 6), (0, 6), (4, 5), (0, 2)]
[1, 0, 1, 0, 1, 0]

94
[(0, 4), (0, 5), (1, 2), (1, 3), (1, 4), (2, 3), (3, 5), (4, 6), (5, 6)]
4
[4, 0, 5, 3, 1, 2, 6]
[(0, 4), (0, 5), (3, 5), (1, 3), (1, 2), (5, 6)]
[(1, 4), (2, 3), (4, 6)]
[4, 0, 1, 6, 5, 2, 3]
[(0, 4), (1, 4), (4, 6), (0, 5), (1, 2), (1, 3)]
[(2, 3), (3, 5), (5, 6)]
[(1, 3), (4, 6), (2, 3), (3, 5), (0, 4), (0, 5)]
[1, 0, 0, 1, 1, 1]
[(1, 2), (0, 4), (3, 5), (1, 4), (5, 6), (2, 3)]
[1, 1, 0, 1, 0, 0]

95
[(0, 1), (0, 2), (0, 3), (1, 4), (1, 6), (2, 4), (2, 5), (2, 6), (3, 4), (3, 6)]
2
[2, 0, 1, 4, 3, 6, 5]
[(0, 2), (0, 1), (1, 4), (3, 4), (3, 6), (2, 5)]
[(0, 3), (1, 6), (2, 4), (2, 6)]
[2, 0, 4, 5, 6, 1, 3]
[(0, 2), (2, 4), (2, 5), (2, 6), (0, 1), (0, 3)]
[(1, 4), (1, 6), (3, 4), (3, 6)]
[(1, 4), (0, 2), (2, 6), (1, 6), (2, 4), (0, 3)]
[1, 1, 0, 0, 0, 0]
[(2, 6), (2, 5), (3, 6), (2, 4), (0, 3), (1, 6)]
[1, 1, 0, 1, 1, 0]

96
[(0, 2), (0, 3), (0, 4), (1, 2), (1, 3), (1, 4), (1, 6), (3, 4), (5, 6)]
2
[2, 0, 3, 1, 4, 6, 5]
[(0, 2), (0, 3), (1, 3), (1, 4), (1, 6), (5, 6)]
[(0, 4), (1, 2), (3, 4)]
[2, 0, 1, 3, 4, 6, 5]
[(0, 2), (1, 2), (0, 3), (0, 4), (1, 6), (5, 6)]
[(1, 3), (1, 4), (3, 4)]
[(1, 3), (3, 4), (0, 2), (0, 3), (0, 4), (1, 2)]
[1, 0, 1, 1, 0, 0]
[(1, 6), (0, 4), (1, 4), (0, 3), (5, 6), (1, 2)]
[1, 1, 0, 1, 1, 1]

97
[(0, 4), (1, 2), (1, 3), (1, 4), (2, 4), (2, 5), (2, 6), (3, 5), (3, 6), (4, 5)]
5
[5, 2, 1, 3, 6, 4, 0]
[(2, 5), (1, 2), (1, 3), (3, 6), (1, 4), (0, 4)]
[(2, 4), (2, 6), (3, 5), (4, 5)]
[5, 2, 3, 4, 1, 6, 0]
[(2, 5), (3, 5), (4, 5), (1, 2), (2, 6), (0, 4)]
[(1, 3), (1, 4), (2, 4), (3, 6)]
[(2, 5), (3, 5), (1, 2), (3, 6), (1, 3), (1, 4)]
[1, 0, 1, 1, 1, 1]
[(0, 4), (2, 6), (1, 4), (2, 5), (3, 5), (4, 5)]
[1, 1, 0, 1, 1, 1]

98
[(0, 5), (0, 6), (1, 2), (1, 4), (1, 6), (2, 3), (2, 4), (2, 5), (2, 6), (4, 6)]
0
[0, 5, 2, 1, 4, 6, 3]
[(0, 5), (2, 5), (1, 2), (1, 4), (4, 6), (2, 3)]
[(0, 6), (1, 6), (2, 4), (2, 6)]
[0, 5, 6, 2, 1, 4, 3]
[(0, 5), (0, 6), (2, 5), (1, 6), (4, 6), (2, 3)]
[(1, 2), (1, 4), (2, 4), (2, 6)]
[(1, 2), (0, 5), (1, 4), (2, 5), (2, 6), (2, 3)]
[1, 1, 1, 1, 0, 1]
[(0, 6), (2, 3), (1, 6), (1, 2), (2, 6), (0, 5)]
[1, 1, 1, 0, 0, 1]

99
[(0, 1), (0, 3), (0, 4), (0, 5), (1, 4), (1, 5), (2, 4), (2, 5), (3, 6), (4, 5)]
2
[2, 4, 0, 1, 5, 3, 6]
[(2, 4), (0, 4), (0, 1), (1, 5), (0, 3), (3, 6)]
[(0, 5), (1, 4), (2, 5), (4, 5)]
[2, 4, 5, 0, 1, 3, 6]
[(2, 4), (2, 5), (0, 4), (1, 4), (0, 3), (3, 6)]
[(0, 1), (0, 5), (1, 5), (4, 5)]
[(1, 5), (0, 3), (0, 5), (0, 4), (2, 5), (4, 5)]
[1, 1, 0, 1, 0, 0]
[(0, 4), (4, 5), (0, 5), (1, 4), (0, 1), (1, 5)]
[1, 0, 0, 1, 0, 0]

100
[(0, 3), (0, 4), (0, 5), (1, 4), (1, 6), (2, 4), (2, 5), (3, 5), (4, 6)]
4
[4, 0, 3, 5, 2, 1, 6]
[(0, 4), (0, 3), (3, 5), (2, 5), (1, 4), (1, 6)]
[(0, 5), (2, 4), (4, 6)]
[4, 0, 1, 2, 6, 3, 5]
[(0, 4), (1, 4), (2, 4), (4, 6), (0, 3), (0, 5)]
[(1, 6), (2, 5), (3, 5)]
[(1, 6), (2, 4), (4, 6), (0, 5), (0, 4), (1, 4)]
[1, 0, 0, 0, 1, 1]
[(4, 6), (0, 3), (0, 5), (2, 4), (1, 4), (3, 5)]
[1, 1, 1, 1, 1, 0]

101
[(0, 3), (0, 5), (1, 3), (1, 5), (2, 3), (2, 5), (2, 6), (3, 4), (3, 5), (3, 6), (4, 5)]
6
[6, 2, 3, 0, 5, 1, 4]
[(2, 6), (2, 3), (0, 3), (0, 5), (1, 5), (4, 5)]
[(1, 3), (2, 5), (3, 4), (3, 5), (3, 6)]
[6, 2, 3, 5, 0, 1, 4]
[(2, 6), (3, 6), (2, 5), (0, 3), (1, 3), (3, 4)]
[(0, 5), (1, 5), (2, 3), (3, 5), (4, 5)]
[(2, 3), (2, 5), (0, 3), (0, 5), (1, 5), (3, 4)]
[1, 0, 1, 1, 1, 0]
[(2, 6), (1, 3), (2, 3), (4, 5), (3, 5), (1, 5)]
[1, 1, 0, 0, 0, 0]

102
[(0, 3), (1, 2), (1, 4), (2, 3), (2, 4), (2, 5), (2, 6), (3, 6), (4, 5), (4, 6), (5, 6)]
5
[5, 2, 1, 4, 6, 3, 0]
[(2, 5), (1, 2), (1, 4), (4, 6), (3, 6), (0, 3)]
[(2, 3), (2, 4), (2, 6), (4, 5), (5, 6)]
[5, 2, 4, 6, 1, 3, 0]
[(2, 5), (4, 5), (5, 6), (1, 2), (2, 3), (0, 3)]
[(1, 4), (2, 4), (2, 6), (3, 6), (4, 6)]
[(2, 3), (2, 4), (2, 5), (4, 5), (1, 4), (3, 6)]
[0, 0, 1, 0, 1, 1]
[(2, 3), (2, 5), (0, 3), (5, 6), (3, 6), (2, 4)]
[1, 1, 1, 1, 0, 0]

103
[(0, 1), (0, 3), (0, 6), (2, 3), (2, 5), (2, 6), (3, 4), (3, 5), (4, 5), (4, 6), (5, 6)]
0
[0, 1, 3, 2, 5, 4, 6]
[(0, 1), (0, 3), (2, 3), (2, 5), (4, 5), (4, 6)]
[(0, 6), (2, 6), (3, 4), (3, 5), (5, 6)]
[0, 1, 3, 6, 2, 4, 5]
[(0, 1), (0, 3), (0, 6), (2, 3), (3, 4), (3, 5)]
[(2, 5), (2, 6), (4, 5), (4, 6), (5, 6)]
[(2, 5), (0, 1), (4, 6), (5, 6), (4, 5), (0, 6)]
[1, 1, 1, 0, 1, 0]
[(3, 4), (4, 6), (2, 5), (0, 1), (0, 6), (4, 5)]
[1, 0, 0, 1, 1, 0]

104
[(0, 1), (0, 4), (1, 3), (1, 4), (1, 5), (2, 3), (2, 4), (4, 5), (4, 6)]
4
[4, 0, 1, 3, 2, 5, 6]
[(0, 4), (0, 1), (1, 3), (2, 3), (1, 5), (4, 6)]
[(1, 4), (2, 4), (4, 5)]
[4, 0, 1, 2, 5, 6, 3]
[(0, 4), (1, 4), (2, 4), (4, 5), (4, 6), (1, 3)]
[(0, 1), (1, 5), (2, 3)]
[(4, 6), (0, 1), (4, 5), (1, 5), (1, 4), (2, 4)]
[1, 1, 0, 1, 0, 0]
[(4, 6), (2, 3), (0, 1), (2, 4), (1, 5), (4, 5)]
[1, 0, 0, 1, 0, 1]

105
[(0, 1), (0, 3), (1, 2), (1, 3), (2, 3), (2, 4), (2, 6), (3, 5), (4, 5), (5, 6)]
4
[4, 2, 1, 0, 3, 5, 6]
[(2, 4), (1, 2), (0, 1), (0, 3), (3, 5), (5, 6)]
[(1, 3), (2, 3), (2, 6), (4, 5)]
[4, 2, 5, 1, 3, 6, 0]
[(2, 4), (4, 5), (1, 2), (2, 3), (2, 6), (0, 1)]
[(0, 3), (1, 3), (3, 5), (5, 6)]
[(2, 6), (5, 6), (4, 5), (2, 3), (1, 3), (0, 1)]
[0, 1, 0, 0, 0, 1]
[(0, 1), (0, 3), (2, 6), (2, 4), (1, 2), (1, 3)]
[1, 0, 1, 1, 1, 0]

106
[(0, 2), (0, 5), (1, 5), (1, 6), (2, 5), (3, 4), (3, 5), (4, 5), (5, 6)]
6
[6, 1, 5, 0, 2, 3, 4]
[(1, 6), (1, 5), (0, 5), (0, 2), (3, 5), (3, 4)]
[(2, 5), (4, 5), (5, 6)]
[6, 1, 5, 0, 2, 3, 4]
[(1, 6), (5, 6), (0, 5), (2, 5), (3, 5), (4, 5)]
[(0, 2), (1, 5), (3, 4)]
[(4, 5), (5, 6), (3, 5), (1, 6), (0, 2), (2, 5)]
[0, 0, 1, 1, 1, 0]
[(1, 5), (0, 5), (4, 5), (3, 5), (1, 6), (5, 6)]
[0, 1, 1, 1, 1, 1]

107
[(0, 1), (1, 3), (1, 4), (2, 3), (2, 4), (3, 4), (3, 5), (3, 6), (4, 5), (4, 6)]
6
[6, 3, 1, 0, 4, 2, 5]
[(3, 6), (1, 3), (0, 1), (1, 4), (2, 4), (4, 5)]
[(2, 3), (3, 4), (3, 5), (4, 6)]
[6, 3, 4, 1, 2, 5, 0]
[(3, 6), (4, 6), (1, 3), (2, 3), (3, 5), (0, 1)]
[(1, 4), (2, 4), (3, 4), (4, 5)]
[(1, 3), (3, 5), (4, 6), (1, 4), (4, 5), (3, 4)]
[1, 0, 0, 1, 1, 0]
[(0, 1), (3, 4), (3, 6), (3, 5), (1, 3), (2, 3)]
[1, 0, 1, 1, 1, 1]

108
[(0, 1), (0, 2), (0, 3), (0, 4), (0, 5), (1, 2), (1, 4), (2, 5), (2, 6), (4, 5)]
0
[0, 1, 2, 5, 4, 6, 3]
[(0, 1), (1, 2), (2, 5), (4, 5), (2, 6), (0, 3)]
[(0, 2), (0, 4), (0, 5), (1, 4)]
[0, 1, 2, 3, 4, 5, 6]
[(0, 1), (0, 2), (0, 3), (0, 4), (0, 5), (2, 6)]
[(1, 2), (1, 4), (2, 5), (4, 5)]
[(0, 1), (2, 6), (0, 2), (0, 3), (4, 5), (1, 2)]
[1, 1, 0, 1, 1, 1]
[(0, 3), (0, 4), (1, 4), (2, 5), (0, 1), (1, 2)]
[1, 1, 0, 0, 1, 0]

109
[(0, 6), (1, 2), (1, 3), (1, 6), (2, 3), (2, 5), (2, 6), (3, 5), (3, 6), (4, 6)]
0
[0, 6, 1, 2, 3, 5, 4]
[(0, 6), (1, 6), (1, 2), (2, 3), (3, 5), (4, 6)]
[(1, 3), (2, 5), (2, 6), (3, 6)]
[0, 6, 1, 2, 3, 4, 5]
[(0, 6), (1, 6), (2, 6), (3, 6), (4, 6), (2, 5)]
[(1, 2), (1, 3), (2, 3), (3, 5)]
[(1, 3), (2, 3), (3, 5), (3, 6), (2, 5), (2, 6)]
[0, 1, 1, 0, 0, 0]
[(0, 6), (1, 3), (1, 2), (2, 5), (3, 6), (2, 3)]
[1, 0, 0, 1, 1, 0]

110
[(0, 2), (0, 4), (1, 3), (1, 4), (1, 6), (2, 3), (2, 4), (3, 4), (3, 6), (4, 5)]
1
[1, 3, 2, 0, 4, 5, 6]
[(1, 3), (2, 3), (0, 2), (0, 4), (4, 5), (3, 6)]
[(1, 4), (1, 6), (2, 4), (3, 4)]
[1, 3, 4, 6, 2, 0, 5]
[(1, 3), (1, 4), (1, 6), (2, 3), (0, 4), (4, 5)]
[(0, 2), (2, 4), (3, 4), (3, 6)]
[(0, 4), (1, 6), (1, 4), (3, 4), (4, 5), (2, 4)]
[1, 0, 0, 0, 1, 0]
[(3, 4), (2, 3), (4, 5), (0, 4), (3, 6), (2, 4)]
[0, 1, 1, 1, 0, 0]

111
[(0, 1), (0, 2), (0, 3), (0, 4), (0, 5), (1, 4), (2, 3), (2, 6), (3, 6)]
6
[6, 2, 0, 1, 4, 3, 5]
[(2, 6), (0, 2), (0, 1), (1, 4), (0, 3), (0, 5)]
[(0, 4), (2, 3), (3, 6)]
[6, 2, 3, 0, 1, 4, 5]
[(2, 6), (3, 6), (0, 2), (0, 1), (0, 4), (0, 5)]
[(0, 3), (1, 4), (2, 3)]
[(0, 4), (0, 3), (2, 3), (0, 1), (3, 6), (2, 6)]
[0, 1, 0, 1, 0, 1]
[(0, 3), (2, 6), (1, 4), (3, 6), (0, 4), (2, 3)]
[0, 1, 0, 1, 1, 0]

112
[(0, 1), (0, 2), (0, 4), (1, 2), (1, 4), (1, 5), (1, 6), (2, 6), (3, 6), (4, 5), (4, 6)]
5
[5, 1, 0, 2, 6, 3, 4]
[(1, 5), (0, 1), (0, 2), (2, 6), (3, 6), (4, 6)]
[(0, 4), (1, 2), (1, 4), (1, 6), (4, 5)]
[5, 1, 4, 0, 2, 6, 3]
[(1, 5), (4, 5), (0, 1), (1, 2), (1, 6), (3, 6)]
[(0, 2), (0, 4), (1, 4), (2, 6), (4, 6)]
[(1, 4), (2, 6), (1, 6), (0, 4), (1, 5), (1, 2)]
[0, 1, 0, 0, 1, 0]
[(1, 5), (2, 6), (3, 6), (0, 2), (1, 2), (4, 5)]
[1, 0, 1, 0, 1, 1]

113
[(0, 2), (1, 2), (1, 5), (1, 6), (2, 5), (2, 6), (3, 4), (3, 5), (4, 5)]
4
[4, 3, 5, 1, 2, 0, 6]
[(3, 4), (3, 5), (1, 5), (1, 2), (0, 2), (2, 6)]
[(1, 6), (2, 5), (4, 5)]
[4, 3, 5, 1, 2, 6, 0]
[(3, 4), (4, 5), (1, 5), (2, 5), (1, 6), (0, 2)]
[(1, 2), (2, 6), (3, 5)]
[(0, 2), (4, 5), (2, 5), (3, 4), (1, 6), (1, 2)]
[1, 0, 0, 1, 0, 1]
[(1, 2), (1, 6), (4, 5), (2, 5), (3, 4), (1, 5)]
[0, 1, 1, 1, 1, 1]

114
[(0, 6), (1, 2), (1, 3), (1, 5), (2, 6), (3, 4), (3, 5), (3, 6), (4, 6), (5, 6)]
6
[6, 0, 2, 1, 3, 4, 5]
[(0, 6), (2, 6), (1, 2), (1, 3), (3, 4), (3, 5)]
[(1, 5), (3, 6), (4, 6), (5, 6)]
[6, 0, 2, 3, 4, 5, 1]
[(0, 6), (2, 6), (3, 6), (4, 6), (5, 6), (1, 2)]
[(1, 3), (1, 5), (3, 4), (3, 5)]
[(3, 6), (4, 6), (1, 5), (3, 5), (3, 4), (1, 2)]
[0, 0, 0, 1, 1, 1]
[(3, 4), (1, 2), (0, 6), (5, 6), (3, 5), (2, 6)]
[0, 1, 1, 1, 0, 1]

115
[(0, 3), (0, 4), (0, 5), (0, 6), (1, 3), (2, 3), (4, 5), (4, 6), (5, 6)]
2
[2, 3, 0, 4, 5, 6, 1]
[(2, 3), (0, 3), (0, 4), (4, 5), (5, 6), (1, 3)]
[(0, 5), (0, 6), (4, 6)]
[2, 3, 0, 1, 4, 5, 6]
[(2, 3), (0, 3), (1, 3), (0, 4), (0, 5), (0, 6)]
[(4, 5), (4, 6), (5, 6)]
[(0, 5), (5, 6), (4, 6), (2, 3), (4, 5), (1, 3)]
[0, 1, 0, 1, 1, 1]
[(4, 5), (4, 6), (5, 6), (0, 3), (0, 5), (0, 6)]
[0, 0, 0, 1, 1, 1]

116
[(0, 2), (0, 4), (0, 5), (1, 4), (2, 4), (2, 5), (3, 4), (3, 5), (4, 5), (4, 6), (5, 6)]
1
[1, 4, 0, 2, 5, 3, 6]
[(1, 4), (0, 4), (0, 2), (2, 5), (3, 5), (5, 6)]
[(0, 5), (2, 4), (3, 4), (4, 5), (4, 6)]
[1, 4, 0, 2, 3, 5, 6]
[(1, 4), (0, 4), (2, 4), (3, 4), (4, 5), (4, 6)]
[(0, 2), (0, 5), (2, 5), (3, 5), (5, 6)]
[(5, 6), (1, 4), (0, 2), (0, 5), (3, 4), (0, 4)]
[1, 1, 1, 0, 0, 1]
[(3, 5), (0, 4), (4, 5), (2, 4), (2, 5), (1, 4)]
[0, 1, 1, 1, 0, 1]

117
[(0, 1), (0, 2), (0, 4), (1, 2), (1, 6), (2, 4), (2, 6), (3, 4), (4, 5), (4, 6)]
3
[3, 4, 0, 1, 2, 6, 5]
[(3, 4), (0, 4), (0, 1), (1, 2), (2, 6), (4, 5)]
[(0, 2), (1, 6), (2, 4), (4, 6)]
[3, 4, 0, 2, 5, 6, 1]
[(3, 4), (0, 4), (2, 4), (4, 5), (4, 6), (0, 1)]
[(0, 2), (1, 2), (1, 6), (2, 6)]
[(0, 1), (0, 4), (3, 4), (4, 5), (1, 6), (1, 2)]
[1, 1, 1, 1, 0, 1]
[(4, 5), (0, 2), (2, 4), (3, 4), (0, 4), (0, 1)]
[1, 0, 1, 1, 1, 1]

118
[(0, 1), (0, 3), (0, 5), (0, 6), (1, 5), (1, 6), (2, 5), (3, 4), (4, 6)]
4
[4, 3, 0, 1, 5, 2, 6]
[(3, 4), (0, 3), (0, 1), (1, 5), (2, 5), (1, 6)]
[(0, 5), (0, 6), (4, 6)]
[4, 3, 6, 0, 1, 5, 2]
[(3, 4), (4, 6), (0, 3), (1, 6), (0, 5), (2, 5)]
[(0, 1), (0, 6), (1, 5)]
[(0, 3), (2, 5), (1, 6), (0, 6), (0, 5), (4, 6)]
[1, 1, 1, 0, 0, 0]
[(1, 5), (0, 6), (1, 6), (2, 5), (0, 5), (0, 1)]
[0, 0, 1, 1, 1, 0]

119
[(0, 1), (0, 3), (1, 3), (1, 5), (2, 5), (3, 4), (3, 6), (4, 6), (5, 6)]
1
[1, 0, 3, 4, 6, 5, 2]
[(0, 1), (0, 3), (3, 4), (4, 6), (5, 6), (2, 5)]
[(1, 3), (1, 5), (3, 6)]
[1, 0, 3, 5, 4, 6, 2]
[(0, 1), (1, 3), (1, 5), (3, 4), (3, 6), (2, 5)]
[(0, 3), (4, 6), (5, 6)]
[(4, 6), (3, 6), (0, 1), (3, 4), (1, 3), (1, 5)]
[1, 0, 1, 1, 0, 0]
[(4, 6), (3, 4), (0, 3), (2, 5), (0, 1), (5, 6)]
[0, 1, 0, 1, 1, 0]

120
[(0, 1), (0, 3), (1, 2), (1, 3), (1, 6), (3, 4), (3, 5), (3, 6), (4, 5)]
1
[1, 0, 3, 4, 5, 6, 2]
[(0, 1), (0, 3), (3, 4), (4, 5), (3, 6), (1, 2)]
[(1, 3), (1, 6), (3, 5)]
[1, 0, 2, 3, 6, 4, 5]
[(0, 1), (1, 2), (1, 3), (1, 6), (3, 4), (3, 5)]
[(0, 3), (3, 6), (4, 5)]
[(3, 5), (1, 6), (3, 4), (0, 3), (0, 1), (1, 3)]
[0, 0, 1, 1, 1, 0]
[(3, 6), (0, 3), (1, 6), (0, 1), (1, 2), (3, 5)]
[0, 0, 1, 1, 1, 1]

121
[(0, 2), (0, 4), (0, 6), (1, 5), (2, 4), (2, 5), (2, 6), (3, 5), (3, 6), (4, 6)]
6
[6, 0, 2, 4, 5, 1, 3]
[(0, 6), (0, 2), (2, 4), (2, 5), (1, 5), (3, 5)]
[(0, 4), (2, 6), (3, 6), (4, 6)]
[6, 0, 2, 3, 4, 5, 1]
[(0, 6), (2, 6), (3, 6), (4, 6), (2, 5), (1, 5)]
[(0, 2), (0, 4), (2, 4), (3, 5)]
[(2, 4), (3, 6), (0, 2), (4, 6), (0, 6), (2, 6)]
[1, 0, 1, 0, 1, 0]
[(0, 4), (0, 2), (2, 4), (3, 6), (0, 6), (4, 6)]
[0, 0, 0, 1, 1, 1]

122
[(0, 3), (0, 6), (1, 2), (2, 3), (2, 4), (2, 5), (2, 6), (3, 5), (4, 5)]
0
[0, 3, 2, 1, 4, 5, 6]
[(0, 3), (2, 3), (1, 2), (2, 4), (4, 5), (2, 6)]
[(0, 6), (2, 5), (3, 5)]
[0, 3, 6, 2, 5, 1, 4]
[(0, 3), (0, 6), (2, 3), (3, 5), (1, 2), (2, 4)]
[(2, 5), (2, 6), (4, 5)]
[(0, 6), (3, 5), (4, 5), (2, 6), (2, 3), (2, 5)]
[0, 0, 1, 1, 1, 0]
[(2, 4), (0, 6), (2, 3), (4, 5), (2, 6), (3, 5)]
[1, 1, 1, 0, 0, 1]

123
[(0, 3), (0, 6), (1, 2), (1, 3), (1, 5), (1, 6), (2, 5), (2, 6), (3, 4), (3, 6)]
6
[6, 0, 3, 1, 2, 5, 4]
[(0, 6), (0, 3), (1, 3), (1, 2), (2, 5), (3, 4)]
[(1, 5), (1, 6), (2, 6), (3, 6)]
[6, 0, 1, 2, 3, 5, 4]
[(0, 6), (1, 6), (2, 6), (3, 6), (1, 5), (3, 4)]
[(0, 3), (1, 2), (1, 3), (2, 5)]
[(0, 3), (0, 6), (1, 5), (1, 2), (2, 6), (1, 6)]
[1, 1, 0, 1, 0, 0]
[(1, 5), (0, 6), (2, 6), (1, 3), (3, 6), (2, 5)]
[1, 1, 1, 0, 1, 0]

124
[(0, 2), (0, 4), (1, 3), (1, 4), (1, 6), (2, 5), (2, 6), (3, 4), (3, 6), (4, 5)]
4
[4, 0, 2, 5, 6, 1, 3]
[(0, 4), (0, 2), (2, 5), (2, 6), (1, 6), (1, 3)]
[(1, 4), (3, 4), (3, 6), (4, 5)]
[4, 0, 1, 3, 5, 2, 6]
[(0, 4), (1, 4), (3, 4), (4, 5), (0, 2), (1, 6)]
[(1, 3), (2, 5), (2, 6), (3, 6)]
[(1, 3), (3, 4), (3, 6), (0, 4), (4, 5), (1, 4)]
[1, 0, 0, 1, 0, 0]
[(2, 6), (3, 6), (1, 3), (0, 4), (1, 4), (2, 5)]
[0, 0, 0, 1, 1, 0]

125
[(0, 3), (0, 4), (1, 3), (1, 6), (2, 3), (2, 4), (2, 6), (3, 5), (3, 6), (4, 6), (5, 6)]
2
[2, 3, 0, 4, 6, 1, 5]
[(2, 3), (0, 3), (0, 4), (4, 6), (1, 6), (5, 6)]
[(1, 3), (2, 4), (2, 6), (3, 5), (3, 6)]
[2, 3, 4, 6, 0, 1, 5]
[(2, 3), (2, 4), (2, 6), (0, 3), (1, 3), (3, 5)]
[(0, 4), (1, 6), (3, 6), (4, 6), (5, 6)]
[(0, 3), (4, 6), (2, 6), (2, 4), (1, 3), (3, 5)]
[1, 1, 0, 0, 0, 0]
[(2, 6), (3, 6), (5, 6), (1, 6), (2, 3), (4, 6)]
[1, 0, 0, 0, 1, 0]

126
[(0, 1), (0, 4), (1, 2), (1, 4), (1, 6), (2, 6), (3, 4), (3, 5), (5, 6)]
2
[2, 1, 0, 4, 3, 5, 6]
[(1, 2), (0, 1), (0, 4), (3, 4), (3, 5), (5, 6)]
[(1, 4), (1, 6), (2, 6)]
[2, 1, 6, 0, 4, 5, 3]
[(1, 2), (2, 6), (0, 1), (1, 4), (5, 6), (3, 4)]
[(0, 4), (1, 6), (3, 5)]
[(1, 2), (5, 6), (3, 4), (0, 1), (0, 4), (2, 6)]
[1, 1, 1, 1, 1, 0]
[(1, 6), (5, 6), (1, 2), (1, 4), (0, 4), (3, 5)]
[0, 1, 1, 1, 0, 0]

127
[(0, 1), (0, 2), (0, 3), (1, 2), (1, 3), (2, 3), (2, 5), (2, 6), (3, 4), (5, 6)]
6
[6, 2, 0, 1, 3, 4, 5]
[(2, 6), (0, 2), (0, 1), (1, 3), (3, 4), (2, 5)]
[(0, 3), (1, 2), (2, 3), (5, 6)]
[6, 2, 5, 0, 1, 3, 4]
[(2, 6), (5, 6), (0, 2), (1, 2), (2, 3), (3, 4)]
[(0, 1), (0, 3), (1, 3), (2, 5)]
[(2, 3), (1, 2), (0, 3), (3, 4), (5, 6), (2, 6)]
[0, 0, 0, 1, 0, 1]
[(0, 3), (0, 1), (2, 5), (5, 6), (1, 3), (1, 2)]
[0, 0, 0, 1, 0, 1]

128
[(0, 2), (0, 3), (0, 4), (1, 2), (1, 4), (2, 4), (4, 5), (4, 6), (5, 6)]
0
[0, 2, 1, 4, 5, 6, 3]
[(0, 2), (1, 2), (1, 4), (4, 5), (5, 6), (0, 3)]
[(0, 4), (2, 4), (4, 6)]
[0, 2, 3, 4, 1, 5, 6]
[(0, 2), (0, 3), (0, 4), (1, 2), (4, 5), (4, 6)]
[(1, 4), (2, 4), (5, 6)]
[(1, 2), (0, 4), (4, 6), (2, 4), (1, 4), (5, 6)]
[1, 0, 0, 0, 1, 1]
[(1, 4), (5, 6), (0, 2), (4, 5), (2, 4), (1, 2)]
[0, 0, 1, 1, 0, 1]

129
[(0, 1), (0, 3), (0, 4), (0, 6), (1, 3), (1, 4), (1, 6), (2, 4), (3, 4), (4, 5), (4, 6)]
0
[0, 1, 3, 4, 2, 5, 6]
[(0, 1), (1, 3), (3, 4), (2, 4), (4, 5), (4, 6)]
[(0, 3), (0, 4), (0, 6), (1, 4), (1, 6)]
[0, 1, 3, 4, 6, 2, 5]
[(0, 1), (0, 3), (0, 4), (0, 6), (2, 4), (4, 5)]
[(1, 3), (1, 4), (1, 6), (3, 4), (4, 6)]
[(0, 1), (4, 6), (1, 3), (0, 3), (4, 5), (3, 4)]
[1, 1, 1, 0, 1, 1]
[(0, 3), (4, 5), (1, 3), (3, 4), (4, 6), (0, 4)]
[1, 1, 0, 0, 0, 1]

130
[(0, 2), (0, 6), (1, 2), (1, 5), (1, 6), (2, 3), (2, 4), (2, 5), (2, 6), (3, 4)]
3
[3, 2, 0, 6, 1, 5, 4]
[(2, 3), (0, 2), (0, 6), (1, 6), (1, 5), (2, 4)]
[(1, 2), (2, 5), (2, 6), (3, 4)]
[3, 2, 4, 0, 1, 5, 6]
[(2, 3), (3, 4), (0, 2), (1, 2), (2, 5), (2, 6)]
[(0, 6), (1, 5), (1, 6), (2, 4)]
[(2, 3), (1, 2), (3, 4), (1, 6), (2, 5), (2, 6)]
[1, 0, 0, 1, 0, 0]
[(1, 6), (3, 4), (1, 5), (2, 3), (1, 2), (2, 5)]
[0, 1, 0, 1, 1, 1]

131
[(0, 2), (0, 4), (0, 5), (1, 2), (1, 4), (1, 6), (2, 3), (3, 5), (4, 5), (5, 6)]
5
[5, 0, 2, 1, 4, 6, 3]
[(0, 5), (0, 2), (1, 2), (1, 4), (1, 6), (2, 3)]
[(0, 4), (3, 5), (4, 5), (5, 6)]
[5, 0, 3, 4, 6, 2, 1]
[(0, 5), (3, 5), (4, 5), (5, 6), (0, 2), (1, 4)]
[(0, 4), (1, 2), (1, 6), (2, 3)]
[(4, 5), (0, 2), (1, 6), (1, 4), (1, 2), (2, 3)]
[0, 1, 1, 1, 1, 1]
[(0, 2), (4, 5), (1, 4), (3, 5), (2, 3), (5, 6)]
[1, 1, 1, 1, 0, 1]

132
[(0, 1), (0, 2), (0, 5), (1, 3), (1, 4), (1, 5), (2, 3), (2, 4), (2, 6), (3, 5), (4, 5)]
2
[2, 0, 1, 3, 5, 4, 6]
[(0, 2), (0, 1), (1, 3), (3, 5), (4, 5), (2, 6)]
[(0, 5), (1, 4), (1, 5), (2, 3), (2, 4)]
[2, 0, 3, 4, 6, 1, 5]
[(0, 2), (2, 3), (2, 4), (2, 6), (0, 1), (0, 5)]
[(1, 3), (1, 4), (1, 5), (3, 5), (4, 5)]
[(2, 4), (1, 3), (0, 1), (3, 5), (4, 5), (2, 6)]
[0, 1, 1, 1, 1, 1]
[(0, 5), (2, 6), (4, 5), (3, 5), (2, 4), (2, 3)]
[1, 1, 0, 0, 1, 1]

133
[(0, 1), (0, 3), (0, 4), (0, 5), (0, 6), (1, 4), (1, 6), (2, 4), (2, 6), (4, 5), (5, 6)]
0
[0, 1, 4, 2, 6, 5, 3]
[(0, 1), (1, 4), (2, 4), (2, 6), (5, 6), (0, 3)]
[(0, 4), (0, 5), (0, 6), (1, 6), (4, 5)]
[0, 1, 3, 4, 5, 6, 2]
[(0, 1), (0, 3), (0, 4), (0, 5), (0, 6), (2, 4)]
[(1, 4), (1, 6), (2, 6), (4, 5), (5, 6)]
[(0, 5), (4, 5), (0, 3), (0, 4), (0, 6), (2, 6)]
[0, 0, 1, 0, 0, 1]
[(0, 6), (2, 4), (4, 5), (5, 6), (0, 5), (0, 4)]
[1, 1, 0, 0, 1, 1]

134
[(0, 4), (0, 5), (1, 3), (1, 5), (1, 6), (2, 3), (2, 5), (2, 6), (3, 5), (3, 6), (5, 6)]
2
[2, 3, 1, 5, 0, 4, 6]
[(2, 3), (1, 3), (1, 5), (0, 5), (0, 4), (5, 6)]
[(1, 6), (2, 5), (2, 6), (3, 5), (3, 6)]
[2, 3, 5, 6, 1, 0, 4]
[(2, 3), (2, 5), (2, 6), (1, 3), (0, 5), (0, 4)]
[(1, 5), (1, 6), (3, 5), (3, 6), (5, 6)]
[(5, 6), (1, 3), (0, 4), (2, 6), (3, 5), (2, 5)]
[1, 1, 1, 0, 0, 0]
[(1, 5), (2, 5), (3, 6), (2, 6), (1, 3), (0, 5)]
[0, 1, 0, 1, 1, 1]

135
[(0, 2), (0, 4), (0, 5), (1, 3), (1, 4), (1, 5), (1, 6), (2, 4), (2, 5), (3, 6)]
4
[4, 0, 2, 5, 1, 3, 6]
[(0, 4), (0, 2), (2, 5), (1, 5), (1, 3), (3, 6)]
[(0, 5), (1, 4), (1, 6), (2, 4)]
[4, 0, 1, 2, 5, 3, 6]
[(0, 4), (1, 4), (2, 4), (0, 5), (1, 3), (1, 6)]
[(0, 2), (1, 5), (2, 5), (3, 6)]
[(1, 3), (1, 4), (1, 5), (0, 4), (0, 2), (3, 6)]
[1, 0, 1, 1, 1, 1]
[(0, 2), (1, 4), (0, 4), (1, 6), (2, 4), (1, 3)]
[0, 1, 1, 1, 1, 1]

136
[(0, 2), (0, 4), (1, 2), (1, 3), (1, 5), (2, 3), (3, 5), (4, 5), (5, 6)]
0
[0, 2, 1, 3, 5, 4, 6]
[(0, 2), (1, 2), (1, 3), (3, 5), (4, 5), (5, 6)]
[(0, 4), (1, 5), (2, 3)]
[0, 2, 4, 1, 3, 5, 6]
[(0, 2), (0, 4), (1, 2), (2, 3), (4, 5), (5, 6)]
[(1, 3), (1, 5), (3, 5)]
[(4, 5), (1, 2), (1, 3), (3, 5), (5, 6), (0, 4)]
[1, 1, 1, 1, 1, 0]
[(1, 5), (2, 3), (1, 3), (3, 5), (4, 5), (1, 2)]
[0, 1, 0, 0, 1, 1]

137
[(0, 1), (0, 2), (0, 5), (0, 6), (1, 5), (1, 6), (2, 4), (2, 6), (3, 4), (3, 5)]
5
[5, 0, 1, 6, 2, 4, 3]
[(0, 5), (0, 1), (1, 6), (2, 6), (2, 4), (3, 4)]
[(0, 2), (0, 6), (1, 5), (3, 5)]
[5, 0, 1, 3, 2, 6, 4]
[(0, 5), (1, 5), (3, 5), (0, 2), (0, 6), (3, 4)]
[(0, 1), (1, 6), (2, 4), (2, 6)]
[(3, 5), (2, 4), (0, 2), (0, 5), (0, 6), (1, 6)]
[0, 1, 0, 1, 0, 1]
[(1, 5), (0, 5), (0, 2), (2, 4), (0, 6), (3, 4)]
[1, 1, 1, 0, 1, 1]

138
[(0, 4), (0, 6), (1, 3), (1, 6), (2, 3), (2, 6), (3, 4), (3, 5), (5, 6)]
0
[0, 4, 3, 1, 6, 2, 5]
[(0, 4), (3, 4), (1, 3), (1, 6), (2, 6), (5, 6)]
[(0, 6), (2, 3), (3, 5)]
[0, 4, 6, 3, 1, 2, 5]
[(0, 4), (0, 6), (3, 4), (1, 6), (2, 6), (5, 6)]
[(1, 3), (2, 3), (3, 5)]
[(1, 3), (3, 5), (0, 6), (1, 6), (2, 3), (5, 6)]
[1, 0, 0, 1, 0, 1]
[(2, 6), (5, 6), (2, 3), (0, 6), (3, 5), (1, 3)]
[1, 1, 0, 1, 0, 0]

139
[(0, 2), (0, 4), (0, 6), (1, 6), (2, 4), (2, 5), (2, 6), (3, 4), (4, 6), (5, 6)]
6
[6, 0, 2, 4, 3, 5, 1]
[(0, 6), (0, 2), (2, 4), (3, 4), (2, 5), (1, 6)]
[(0, 4), (2, 6), (4, 6), (5, 6)]
[6, 0, 1, 2, 4, 5, 3]
[(0, 6), (1, 6), (2, 6), (4, 6), (5, 6), (3, 4)]
[(0, 2), (0, 4), (2, 4), (2, 5)]
[(0, 2), (4, 6), (0, 6), (1, 6), (5, 6), (2, 5)]
[1, 0, 1, 1, 0, 1]
[(2, 6), (0, 4), (0, 6), (4, 6), (3, 4), (1, 6)]
[1, 0, 1, 1, 1, 1]

140
[(0, 1), (0, 2), (0, 5), (1, 2), (1, 4), (1, 5), (2, 3), (2, 4), (3, 6), (4, 5)]
5
[5, 0, 1, 2, 3, 6, 4]
[(0, 5), (0, 1), (1, 2), (2, 3), (3, 6), (2, 4)]
[(0, 2), (1, 4), (1, 5), (4, 5)]
[5, 0, 1, 4, 2, 3, 6]
[(0, 5), (1, 5), (4, 5), (0, 2), (2, 3), (3, 6)]
[(0, 1), (1, 2), (1, 4), (2, 4)]
[(1, 4), (0, 2), (1, 5), (4, 5), (0, 1), (3, 6)]
[0, 0, 0, 0, 1, 1]
[(0, 5), (3, 6), (0, 1), (4, 5), (0, 2), (1, 5)]
[1, 1, 0, 1, 1, 1]

141
[(0, 2), (0, 6), (1, 3), (1, 4), (1, 5), (1, 6), (2, 6), (3, 6), (4, 6), (5, 6)]
4
[4, 1, 3, 6, 0, 2, 5]
[(1, 4), (1, 3), (3, 6), (0, 6), (0, 2), (5, 6)]
[(1, 5), (1, 6), (2, 6), (4, 6)]
[4, 1, 6, 3, 5, 0, 2]
[(1, 4), (4, 6), (1, 3), (1, 5), (0, 6), (2, 6)]
[(0, 2), (1, 6), (3, 6), (5, 6)]
[(0, 6), (3, 6), (1, 3), (5, 6), (4, 6), (1, 4)]
[1, 1, 1, 1, 0, 1]
[(2, 6), (1, 4), (5, 6), (0, 2), (0, 6), (1, 5)]
[1, 1, 0, 0, 1, 1]

142
[(0, 1), (0, 5), (0, 6), (1, 4), (1, 5), (2, 3), (2, 4), (2, 6), (3, 4), (5, 6)]
6
[6, 0, 1, 4, 2, 3, 5]
[(0, 6), (0, 1), (1, 4), (2, 4), (2, 3), (1, 5)]
[(0, 5), (2, 6), (3, 4), (5, 6)]
[6, 0, 2, 5, 1, 3, 4]
[(0, 6), (2, 6), (5, 6), (0, 1), (2, 3), (2, 4)]
[(0, 5), (1, 4), (1, 5), (3, 4)]
[(0, 5), (2, 4), (0, 6), (2, 3), (1, 5), (1, 4)]
[0, 1, 1, 1, 1, 1]
[(1, 5), (2, 3), (1, 4), (0, 6), (0, 5), (3, 4)]
[0, 1, 0, 1, 0, 0]

143
[(0, 5), (0, 6), (1, 2), (1, 3), (1, 4), (1, 5), (2, 4), (3, 4), (4, 5), (4, 6)]
4
[4, 1, 2, 3, 5, 0, 6]
[(1, 4), (1, 2), (1, 3), (1, 5), (0, 5), (0, 6)]
[(2, 4), (3, 4), (4, 5), (4, 6)]
[4, 1, 2, 3, 5, 6, 0]
[(1, 4), (2, 4), (3, 4), (4, 5), (4, 6), (0, 5)]
[(0, 6), (1, 2), (1, 3), (1, 5)]
[(2, 4), (3, 4), (4, 5), (4, 6), (0, 5), (1, 5)]
[0, 0, 0, 0, 1, 1]
[(2, 4), (0, 5), (1, 2), (1, 5), (1, 3), (0, 6)]
[1, 1, 0, 0, 0, 0]

144
[(0, 3), (0, 5), (1, 2), (1, 3), (2, 4), (2, 6), (3, 4), (3, 5), (3, 6), (4, 6)]
4
[4, 2, 1, 3, 0, 5, 6]
[(2, 4), (1, 2), (1, 3), (0, 3), (0, 5), (3, 6)]
[(2, 6), (3, 4), (3, 5), (4, 6)]
[4, 2, 3, 6, 1, 0, 5]
[(2, 4), (3, 4), (4, 6), (1, 2), (0, 3), (3, 5)]
[(0, 5), (1, 3), (2, 6), (3, 6)]
[(1, 2), (0, 3), (3, 6), (0, 5), (1, 3), (2, 6)]
[1, 1, 1, 1, 1, 0]
[(2, 4), (3, 6), (3, 4), (2, 6), (4, 6), (1, 3)]
[1, 0, 1, 0, 1, 0]

145
[(0, 3), (0, 4), (0, 6), (1, 2), (1, 5), (3, 4), (3, 6), (4, 5), (4, 6)]
2
[2, 1, 5, 4, 0, 3, 6]
[(1, 2), (1, 5), (4, 5), (0, 4), (0, 3), (3, 6)]
[(0, 6), (3, 4), (4, 6)]
[2, 1, 5, 4, 0, 3, 6]
[(1, 2), (1, 5), (4, 5), (0, 4), (3, 4), (4, 6)]
[(0, 3), (0, 6), (3, 6)]
[(4, 6), (0, 6), (4, 5), (3, 4), (3, 6), (0, 4)]
[0, 0, 1, 0, 1, 1]
[(0, 4), (0, 3), (4, 5), (0, 6), (1, 2), (1, 5)]
[1, 0, 1, 0, 1, 1]

146
[(0, 1), (0, 5), (0, 6), (1, 4), (2, 4), (2, 6), (3, 6), (4, 5), (4, 6)]
5
[5, 0, 1, 4, 2, 6, 3]
[(0, 5), (0, 1), (1, 4), (2, 4), (2, 6), (3, 6)]
[(0, 6), (4, 5), (4, 6)]
[5, 0, 4, 1, 6, 2, 3]
[(0, 5), (4, 5), (0, 1), (0, 6), (2, 4), (3, 6)]
[(1, 4), (2, 6), (4, 6)]
[(4, 5), (2, 4), (0, 5), (3, 6), (1, 4), (0, 1)]
[0, 1, 1, 1, 1, 1]
[(3, 6), (0, 6), (1, 4), (0, 5), (0, 1), (2, 4)]
[1, 1, 0, 1, 1, 1]

147
[(0, 1), (0, 2), (0, 5), (0, 6), (1, 2), (2, 4), (2, 5), (3, 4), (3, 5), (5, 6)]
5
[5, 0, 1, 2, 4, 3, 6]
[(0, 5), (0, 1), (1, 2), (2, 4), (3, 4), (0, 6)]
[(0, 2), (2, 5), (3, 5), (5, 6)]
[5, 0, 2, 3, 6, 1, 4]
[(0, 5), (2, 5), (3, 5), (5, 6), (0, 1), (2, 4)]
[(0, 2), (0, 6), (1, 2), (3, 4)]
[(2, 5), (2, 4), (5, 6), (3, 5), (3, 4), (0, 2)]
[0, 1, 0, 0, 1, 0]
[(0, 5), (0, 2), (3, 4), (0, 1), (1, 2), (0, 6)]
[1, 0, 0, 1, 0, 0]

148
[(0, 1), (0, 2), (0, 3), (0, 4), (0, 5), (0, 6), (1, 5), (2, 4), (3, 4), (4, 5), (5, 6)]
2
[2, 0, 1, 5, 4, 3, 6]
[(0, 2), (0, 1), (1, 5), (4, 5), (3, 4), (5, 6)]
[(0, 3), (0, 4), (0, 5), (0, 6), (2, 4)]
[2, 0, 4, 1, 3, 5, 6]
[(0, 2), (2, 4), (0, 1), (0, 3), (0, 5), (0, 6)]
[(0, 4), (1, 5), (3, 4), (4, 5), (5, 6)]
[(0, 4), (1, 5), (5, 6), (4, 5), (2, 4), (0, 5)]
[0, 1, 1, 1, 0, 0]
[(0, 6), (2, 4), (4, 5), (0, 5), (0, 1), (0, 2)]
[1, 1, 0, 1, 1, 1]

149
[(0, 3), (0, 5), (0, 6), (1, 2), (1, 5), (2, 4), (2, 5), (3, 4), (3, 6), (5, 6)]
5
[5, 0, 3, 4, 2, 1, 6]
[(0, 5), (0, 3), (3, 4), (2, 4), (1, 2), (3, 6)]
[(0, 6), (1, 5), (2, 5), (5, 6)]
[5, 0, 1, 2, 6, 3, 4]
[(0, 5), (1, 5), (2, 5), (5, 6), (0, 3), (2, 4)]
[(0, 6), (1, 2), (3, 4), (3, 6)]
[(5, 6), (1, 5), (2, 5), (0, 3), (0, 6), (1, 2)]
[0, 0, 0, 1, 0, 1]
[(0, 6), (1, 2), (1, 5), (5, 6), (0, 5), (3, 6)]
[0, 0, 1, 1, 1, 0]

150
[(0, 6), (1, 2), (1, 3), (1, 4), (3, 4), (3, 5), (3, 6), (4, 5), (4, 6), (5, 6)]
5
[5, 3, 1, 2, 4, 6, 0]
[(3, 5), (1, 3), (1, 2), (1, 4), (4, 6), (0, 6)]
[(3, 4), (3, 6), (4, 5), (5, 6)]
[5, 3, 4, 6, 1, 0, 2]
[(3, 5), (4, 5), (5, 6), (1, 3), (0, 6), (1, 2)]
[(1, 4), (3, 4), (3, 6), (4, 6)]
[(3, 5), (3, 6), (1, 3), (5, 6), (4, 6), (1, 4)]
[1, 0, 1, 0, 1, 1]
[(3, 6), (0, 6), (3, 4), (4, 5), (3, 5), (5, 6)]
[0, 1, 0, 1, 1, 1]

151
[(0, 1), (1, 5), (2, 3), (2, 4), (2, 5), (3, 4), (4, 5), (4, 6), (5, 6)]
2
[2, 3, 4, 5, 1, 0, 6]
[(2, 3), (3, 4), (4, 5), (1, 5), (0, 1), (5, 6)]
[(2, 4), (2, 5), (4, 6)]
[2, 3, 4, 5, 6, 1, 0]
[(2, 3), (2, 4), (2, 5), (4, 6), (1, 5), (0, 1)]
[(3, 4), (4, 5), (5, 6)]
[(2, 5), (1, 5), (3, 4), (4, 5), (4, 6), (2, 3)]
[0, 1, 1, 1, 0, 1]
[(1, 5), (2, 4), (4, 6), (2, 5), (0, 1), (4, 5)]
[1, 1, 1, 1, 1, 0]

152
[(0, 3), (0, 5), (1, 4), (2, 3), (2, 5), (3, 5), (3, 6), (4, 6), (5, 6)]
2
[2, 3, 0, 5, 6, 4, 1]
[(2, 3), (0, 3), (0, 5), (5, 6), (4, 6), (1, 4)]
[(2, 5), (3, 5), (3, 6)]
[2, 3, 5, 0, 6, 4, 1]
[(2, 3), (2, 5), (0, 3), (3, 6), (4, 6), (1, 4)]
[(0, 5), (3, 5), (5, 6)]
[(3, 6), (2, 3), (1, 4), (0, 5), (2, 5), (3, 5)]
[0, 1, 1, 1, 0, 0]
[(3, 5), (0, 5), (3, 6), (2, 5), (2, 3), (4, 6)]
[0, 0, 1, 1, 1, 1]

153
[(0, 1), (0, 2), (0, 5), (1, 2), (1, 5), (1, 6), (2, 6), (3, 4), (3, 6), (4, 6)]
3
[3, 4, 6, 1, 0, 2, 5]
[(3, 4), (4, 6), (1, 6), (0, 1), (0, 2), (0, 5)]
[(1, 2), (1, 5), (2, 6), (3, 6)]
[3, 4, 6, 1, 2, 0, 5]
[(3, 4), (3, 6), (1, 6), (2, 6), (0, 1), (1, 5)]
[(0, 2), (0, 5), (1, 2), (4, 6)]
[(3, 4), (4, 6), (0, 2), (0, 1), (3, 6), (1, 2)]
[1, 1, 1, 1, 0, 0]
[(3, 6), (0, 2), (1, 2), (4, 6), (0, 1), (2, 6)]
[1, 0, 0, 0, 1, 1]

154
[(0, 1), (0, 5), (0, 6), (1, 5), (1, 6), (2, 3), (2, 4), (3, 4), (3, 6), (5, 6)]
1
[1, 0, 5, 6, 3, 2, 4]
[(0, 1), (0, 5), (5, 6), (3, 6), (2, 3), (2, 4)]
[(0, 6), (1, 5), (1, 6), (3, 4)]
[1, 0, 5, 6, 3, 2, 4]
[(0, 1), (1, 5), (1, 6), (3, 6), (2, 3), (3, 4)]
[(0, 5), (0, 6), (2, 4), (5, 6)]
[(3, 4), (1, 5), (2, 3), (5, 6), (1, 6), (0, 6)]
[0, 0, 1, 1, 0, 0]
[(3, 4), (0, 1), (1, 5), (0, 5), (2, 4), (3, 6)]
[1, 1, 1, 0, 0, 1]

155
[(0, 1), (0, 3), (0, 5), (0, 6), (1, 2), (1, 4), (1, 6), (2, 5), (4, 6), (5, 6)]
6
[6, 0, 1, 2, 5, 4, 3]
[(0, 6), (0, 1), (1, 2), (2, 5), (1, 4), (0, 3)]
[(0, 5), (1, 6), (4, 6), (5, 6)]
[6, 0, 1, 4, 5, 3, 2]
[(0, 6), (1, 6), (4, 6), (5, 6), (0, 3), (1, 2)]
[(0, 1), (0, 5), (1, 4), (2, 5)]
[(4, 6), (0, 3), (0, 1), (2, 5), (0, 5), (1, 6)]
[0, 1, 1, 1, 0, 0]
[(0, 3), (0, 1), (1, 6), (1, 4), (5, 6), (2, 5)]
[1, 0, 1, 0, 1, 0]

156
[(0, 2), (0, 4), (0, 5), (0, 6), (1, 6), (2, 3), (3, 4), (3, 5), (3, 6)]
6
[6, 0, 2, 3, 4, 5, 1]
[(0, 6), (0, 2), (2, 3), (3, 4), (3, 5), (1, 6)]
[(0, 4), (0, 5), (3, 6)]
[6, 0, 1, 3, 2, 4, 5]
[(0, 6), (1, 6), (3, 6), (0, 2), (0, 4), (0, 5)]
[(2, 3), (3, 4), (3, 5)]
[(3, 5), (0, 5), (0, 2), (0, 4), (1, 6), (3, 6)]
[1, 0, 1, 0, 1, 0]
[(3, 6), (3, 4), (2, 3), (0, 6), (1, 6), (3, 5)]
[1, 0, 0, 1, 1, 0]

157
[(0, 2), (0, 3), (0, 4), (1, 2), (1, 5), (1, 6), (3, 4), (3, 5), (5, 6)]
0
[0, 2, 1, 5, 3, 4, 6]
[(0, 2), (1, 2), (1, 5), (3, 5), (3, 4), (5, 6)]
[(0, 3), (0, 4), (1, 6)]
[0, 2, 3, 4, 1, 5, 6]
[(0, 2), (0, 3), (0, 4), (1, 2), (3, 5), (1, 6)]
[(1, 5), (3, 4), (5, 6)]
[(0, 2), (3, 4), (1, 5), (1, 6), (3, 5), (0, 3)]
[1, 1, 1, 0, 1, 0]
[(3, 5), (5, 6), (1, 2), (1, 6), (0, 3), (0, 4)]
[1, 0, 1, 1, 1, 1]

158
[(0, 1), (0, 2), (0, 3), (0, 4), (0, 5), (2, 3), (2, 4), (2, 5), (2, 6), (3, 5), (4, 5)]
2
[2, 0, 1, 3, 5, 4, 6]
[(0, 2), (0, 1), (0, 3), (3, 5), (4, 5), (2, 6)]
[(0, 4), (0, 5), (2, 3), (2, 4), (2, 5)]
[2, 0, 3, 4, 5, 6, 1]
[(0, 2), (2, 3), (2, 4), (2, 5), (2, 6), (0, 1)]
[(0, 3), (0, 4), (0, 5), (3, 5), (4, 5)]
[(2, 6), (2, 4), (0, 1), (0, 3), (2, 5), (0, 2)]
[1, 0, 1, 1, 0, 1]
[(4, 5), (3, 5), (0, 1), (0, 2), (2, 3), (2, 5)]
[0, 0, 1, 1, 1, 1]

159
[(0, 2), (0, 4), (0, 6), (1, 2), (1, 4), (1, 6), (2, 4), (3, 4), (3, 5), (4, 5)]
4
[4, 0, 2, 1, 6, 3, 5]
[(0, 4), (0, 2), (1, 2), (1, 6), (3, 4), (3, 5)]
[(0, 6), (1, 4), (2, 4), (4, 5)]
[4, 0, 1, 2, 3, 5, 6]
[(0, 4), (1, 4), (2, 4), (3, 4), (4, 5), (0, 6)]
[(0, 2), (1, 2), (1, 6), (3, 5)]
[(0, 2), (0, 4), (1, 4), (3, 5), (2, 4), (4, 5)]
[1, 1, 0, 1, 0, 0]
[(1, 4), (3, 4), (1, 6), (0, 4), (2, 4), (3, 5)]
[1, 1, 0, 1, 1, 0]

160
[(0, 3), (0, 4), (0, 5), (1, 2), (1, 4), (1, 6), (2, 3), (3, 4), (4, 6), (5, 6)]
5
[5, 0, 3, 2, 1, 4, 6]
[(0, 5), (0, 3), (2, 3), (1, 2), (1, 4), (4, 6)]
[(0, 4), (1, 6), (3, 4), (5, 6)]
[5, 0, 6, 3, 4, 1, 2]
[(0, 5), (5, 6), (0, 3), (0, 4), (1, 6), (2, 3)]
[(1, 2), (1, 4), (3, 4), (4, 6)]
[(5, 6), (0, 5), (2, 3), (1, 6), (3, 4), (4, 6)]
[0, 1, 1, 0, 0, 1]
[(1, 6), (1, 2), (2, 3), (0, 5), (0, 4), (0, 3)]
[1, 0, 1, 1, 1, 1]

161
[(0, 1), (0, 4), (0, 5), (1, 2), (1, 3), (1, 6), (2, 3), (2, 6), (3, 4), (3, 6), (4, 6)]
2
[2, 1, 0, 4, 3, 6, 5]
[(1, 2), (0, 1), (0, 4), (3, 4), (3, 6), (0, 5)]
[(1, 3), (1, 6), (2, 3), (2, 6), (4, 6)]
[2, 1, 3, 6, 0, 4, 5]
[(1, 2), (2, 3), (2, 6), (0, 1), (3, 4), (0, 5)]
[(0, 4), (1, 3), (1, 6), (3, 6), (4, 6)]
[(1, 6), (0, 5), (3, 4), (1, 2), (3, 6), (2, 6)]
[0, 1, 1, 1, 1, 0]
[(0, 4), (0, 1), (3, 4), (0, 5), (2, 6), (1, 2)]
[0, 1, 1, 1, 1, 1]

162
[(0, 4), (0, 5), (0, 6), (1, 2), (1, 5), (2, 3), (3, 4), (4, 5), (4, 6), (5, 6)]
4
[4, 0, 5, 1, 2, 3, 6]
[(0, 4), (0, 5), (1, 5), (1, 2), (2, 3), (5, 6)]
[(0, 6), (3, 4), (4, 5), (4, 6)]
[4, 0, 3, 5, 6, 2, 1]
[(0, 4), (3, 4), (4, 5), (4, 6), (2, 3), (1, 5)]
[(0, 5), (0, 6), (1, 2), (5, 6)]
[(4, 5), (5, 6), (1, 5), (3, 4), (0, 6), (2, 3)]
[0, 1, 1, 0, 0, 1]
[(1, 2), (5, 6), (0, 6), (2, 3), (0, 5), (1, 5)]
[0, 0, 0, 1, 0, 1]

163
[(0, 2), (0, 6), (1, 3), (1, 6), (2, 3), (2, 4), (3, 4), (3, 5), (3, 6), (4, 6)]
3
[3, 1, 6, 0, 2, 4, 5]
[(1, 3), (1, 6), (0, 6), (0, 2), (2, 4), (3, 5)]
[(2, 3), (3, 4), (3, 6), (4, 6)]
[3, 1, 2, 4, 5, 6, 0]
[(1, 3), (2, 3), (3, 4), (3, 5), (3, 6), (0, 2)]
[(0, 6), (1, 6), (2, 4), (4, 6)]
[(3, 5), (1, 6), (2, 4), (4, 6), (2, 3), (1, 3)]
[1, 1, 1, 0, 0, 1]
[(3, 6), (1, 6), (3, 4), (2, 3), (0, 6), (0, 2)]
[1, 0, 1, 1, 0, 1]

164
[(0, 2), (0, 5), (0, 6), (1, 2), (1, 5), (1, 6), (2, 4), (2, 5), (3, 5), (3, 6), (5, 6)]
3
[3, 5, 0, 2, 1, 6, 4]
[(3, 5), (0, 5), (0, 2), (1, 2), (1, 6), (2, 4)]
[(0, 6), (1, 5), (2, 5), (3, 6), (5, 6)]
[3, 5, 6, 0, 1, 2, 4]
[(3, 5), (3, 6), (0, 5), (1, 5), (2, 5), (2, 4)]
[(0, 2), (0, 6), (1, 2), (1, 6), (5, 6)]
[(2, 5), (0, 5), (1, 5), (1, 6), (2, 4), (1, 2)]
[0, 1, 0, 1, 1, 1]
[(1, 5), (0, 6), (3, 5), (1, 6), (2, 5), (0, 5)]
[1, 0, 1, 0, 1, 1]

165
[(0, 3), (0, 4), (0, 5), (1, 4), (2, 3), (2, 5), (2, 6), (3, 6), (4, 6)]
6
[6, 2, 3, 0, 4, 1, 5]
[(2, 6), (2, 3), (0, 3), (0, 4), (1, 4), (0, 5)]
[(2, 5), (3, 6), (4, 6)]
[6, 2, 3, 4, 5, 0, 1]
[(2, 6), (3, 6), (4, 6), (2, 5), (0, 3), (1, 4)]
[(0, 4), (0, 5), (2, 3)]
[(2, 3), (0, 5), (1, 4), (0, 4), (0, 3), (3, 6)]
[1, 1, 1, 1, 1, 0]
[(2, 5), (1, 4), (3, 6), (0, 5), (0, 4), (2, 3)]
[1, 1, 1, 0, 0, 0]

166
[(0, 4), (0, 5), (0, 6), (1, 2), (1, 3), (1, 5), (1, 6), (2, 5), (4, 5), (4, 6)]
6
[6, 0, 4, 5, 1, 2, 3]
[(0, 6), (0, 4), (4, 5), (1, 5), (1, 2), (1, 3)]
[(0, 5), (1, 6), (2, 5), (4, 6)]
[6, 0, 1, 4, 5, 2, 3]
[(0, 6), (1, 6), (4, 6), (0, 5), (1, 2), (1, 3)]
[(0, 4), (1, 5), (2, 5), (4, 5)]
[(2, 5), (1, 3), (1, 6), (0, 6), (4, 5), (0, 4)]
[0, 1, 0, 1, 1, 1]
[(4, 6), (0, 4), (0, 6), (1, 3), (1, 6), (0, 5)]
[1, 0, 1, 1, 1, 1]

167
[(0, 4), (0, 5), (0, 6), (1, 6), (2, 3), (2, 4), (3, 4), (3, 5), (4, 6)]
5
[5, 0, 4, 2, 3, 6, 1]
[(0, 5), (0, 4), (2, 4), (2, 3), (4, 6), (1, 6)]
[(0, 6), (3, 4), (3, 5)]
[5, 0, 3, 4, 6, 2, 1]
[(0, 5), (3, 5), (0, 4), (0, 6), (2, 3), (1, 6)]
[(2, 4), (3, 4), (4, 6)]
[(2, 3), (3, 4), (0, 6), (1, 6), (3, 5), (2, 4)]
[1, 0, 0, 1, 0, 1]
[(1, 6), (0, 6), (3, 5), (3, 4), (2, 3), (4, 6)]
[1, 1, 1, 0, 1, 0]

168
[(0, 2), (0, 6), (1, 2), (1, 3), (2, 4), (2, 5), (2, 6), (3, 6), (4, 6), (5, 6)]
3
[3, 1, 2, 0, 6, 4, 5]
[(1, 3), (1, 2), (0, 2), (0, 6), (4, 6), (5, 6)]
[(2, 4), (2, 5), (2, 6), (3, 6)]
[3, 1, 6, 2, 0, 4, 5]
[(1, 3), (3, 6), (1, 2), (0, 6), (4, 6), (5, 6)]
[(0, 2), (2, 4), (2, 5), (2, 6)]
[(2, 4), (2, 5), (1, 3), (2, 6), (3, 6), (1, 2)]
[0, 0, 1, 0, 0, 1]
[(1, 3), (3, 6), (0, 2), (5, 6), (1, 2), (4, 6)]
[1, 1, 0, 1, 1, 1]

169
[(0, 2), (0, 4), (0, 5), (0, 6), (1, 2), (1, 5), (1, 6), (2, 5), (3, 6), (5, 6)]
6
[6, 0, 2, 1, 5, 4, 3]
[(0, 6), (0, 2), (1, 2), (1, 5), (0, 4), (3, 6)]
[(0, 5), (1, 6), (2, 5), (5, 6)]
[6, 0, 1, 3, 5, 2, 4]
[(0, 6), (1, 6), (3, 6), (5, 6), (0, 2), (0, 4)]
[(0, 5), (1, 2), (1, 5), (2, 5)]
[(0, 4), (0, 5), (0, 2), (5, 6), (1, 2), (2, 5)]
[1, 0, 1, 0, 1, 0]
[(0, 4), (2, 5), (5, 6), (0, 2), (0, 6), (1, 6)]
[1, 0, 1, 1, 1, 1]

170
[(0, 1), (0, 2), (0, 3), (0, 6), (1, 6), (2, 5), (2, 6), (3, 5), (4, 5), (4, 6)]
4
[4, 5, 2, 0, 1, 6, 3]
[(4, 5), (2, 5), (0, 2), (0, 1), (1, 6), (0, 3)]
[(0, 6), (2, 6), (3, 5), (4, 6)]
[4, 5, 6, 2, 3, 0, 1]
[(4, 5), (4, 6), (2, 5), (3, 5), (0, 6), (1, 6)]
[(0, 1), (0, 2), (0, 3), (2, 6)]
[(4, 5), (0, 2), (2, 5), (1, 6), (0, 3), (0, 6)]
[1, 1, 1, 1, 1, 0]
[(2, 6), (1, 6), (2, 5), (4, 5), (3, 5), (0, 6)]
[0, 1, 1, 1, 1, 1]

171
[(0, 1), (0, 3), (0, 4), (1, 2), (1, 3), (1, 5), (3, 4), (3, 5), (4, 5), (4, 6), (5, 6)]
0
[0, 1, 2, 3, 4, 5, 6]
[(0, 1), (1, 2), (1, 3), (3, 4), (4, 5), (5, 6)]
[(0, 3), (0, 4), (1, 5), (3, 5), (4, 6)]
[0, 1, 3, 4, 2, 5, 6]
[(0, 1), (0, 3), (0, 4), (1, 2), (1, 5), (4, 6)]
[(1, 3), (3, 4), (3, 5), (4, 5), (5, 6)]
[(5, 6), (3, 4), (1, 3), (0, 4), (4, 5), (4, 6)]
[1, 1, 1, 0, 1, 0]
[(1, 3), (0, 3), (4, 6), (3, 5), (1, 5), (0, 4)]
[0, 1, 1, 0, 1, 1]

172
[(0, 3), (0, 4), (0, 5), (0, 6), (1, 4), (1, 5), (2, 4), (3, 6), (5, 6)]
2
[2, 4, 0, 3, 6, 5, 1]
[(2, 4), (0, 4), (0, 3), (3, 6), (5, 6), (1, 5)]
[(0, 5), (0, 6), (1, 4)]
[2, 4, 0, 1, 3, 5, 6]
[(2, 4), (0, 4), (1, 4), (0, 3), (0, 5), (0, 6)]
[(1, 5), (3, 6), (5, 6)]
[(3, 6), (1, 5), (0, 4), (0, 6), (0, 5), (1, 4)]
[1, 1, 1, 0, 0, 0]
[(1, 5), (5, 6), (0, 3), (0, 6), (3, 6), (0, 4)]
[0, 0, 1, 1, 0, 1]

173
[(0, 1), (0, 2), (0, 3), (0, 4), (1, 3), (1, 5), (1, 6), (2, 5), (2, 6), (3, 5)]
6
[6, 1, 0, 2, 5, 3, 4]
[(1, 6), (0, 1), (0, 2), (2, 5), (3, 5), (0, 4)]
[(0, 3), (1, 3), (1, 5), (2, 6)]
[6, 1, 2, 0, 3, 5, 4]
[(1, 6), (2, 6), (0, 1), (1, 3), (1, 5), (0, 4)]
[(0, 2), (0, 3), (2, 5), (3, 5)]
[(1, 6), (0, 2), (1, 5), (0, 1), (2, 6), (3, 5)]
[1, 1, 0, 1, 0, 1]
[(0, 2), (0, 1), (3, 5), (1, 3), (0, 3), (0, 4)]
[0, 1, 0, 1, 0, 1]

174
[(0, 3), (0, 5), (0, 6), (1, 3), (1, 4), (2, 4), (3, 5), (4, 5), (4, 6), (5, 6)]
1
[1, 3, 0, 5, 4, 2, 6]
[(1, 3), (0, 3), (0, 5), (4, 5), (2, 4), (4, 6)]
[(0, 6), (1, 4), (3, 5), (5, 6)]
[1, 3, 4, 0, 5, 2, 6]
[(1, 3), (1, 4), (0, 3), (3, 5), (2, 4), (4, 6)]
[(0, 5), (0, 6), (4, 5), (5, 6)]
[(1, 3), (0, 5), (4, 6), (1, 4), (5, 6), (0, 3)]
[1, 1, 1, 0, 0, 1]
[(0, 5), (4, 5), (2, 4), (0, 6), (5, 6), (4, 6)]
[0, 0, 1, 0, 0, 1]

175
[(0, 1), (0, 4), (0, 5), (1, 3), (1, 6), (2, 6), (3, 6), (4, 5), (4, 6)]
6
[6, 1, 0, 4, 5, 3, 2]
[(1, 6), (0, 1), (0, 4), (4, 5), (1, 3), (2, 6)]
[(0, 5), (3, 6), (4, 6)]
[6, 1, 2, 3, 4, 0, 5]
[(1, 6), (2, 6), (3, 6), (4, 6), (0, 1), (4, 5)]
[(0, 4), (0, 5), (1, 3)]
[(0, 1), (0, 5), (1, 3), (4, 6), (3, 6), (1, 6)]
[1, 0, 1, 0, 0, 1]
[(2, 6), (3, 6), (1, 3), (1, 6), (0, 4), (0, 5)]
[1, 1, 0, 1, 0, 0]

176
[(0, 4), (0, 5), (1, 2), (1, 3), (1, 4), (1, 5), (2, 3), (2, 5), (3, 4), (4, 5), (4, 6)]
0
[0, 4, 1, 2, 3, 5, 6]
[(0, 4), (1, 4), (1, 2), (2, 3), (2, 5), (4, 6)]
[(0, 5), (1, 3), (1, 5), (3, 4), (4, 5)]
[0, 4, 5, 1, 3, 6, 2]
[(0, 4), (0, 5), (1, 4), (3, 4), (4, 6), (2, 5)]
[(1, 2), (1, 3), (1, 5), (2, 3), (4, 5)]
[(0, 4), (4, 6), (2, 5), (4, 5), (1, 4), (2, 3)]
[1, 1, 1, 0, 1, 1]
[(1, 4), (2, 5), (4, 6), (2, 3), (0, 5), (3, 4)]
[1, 1, 1, 0, 1, 1]

177
[(0, 3), (0, 4), (1, 3), (2, 3), (2, 6), (3, 4), (3, 5), (3, 6), (4, 5), (4, 6)]
3
[3, 0, 4, 5, 6, 2, 1]
[(0, 3), (0, 4), (4, 5), (4, 6), (2, 6), (1, 3)]
[(2, 3), (3, 4), (3, 5), (3, 6)]
[3, 0, 1, 2, 4, 5, 6]
[(0, 3), (1, 3), (2, 3), (3, 4), (3, 5), (3, 6)]
[(0, 4), (2, 6), (4, 5), (4, 6)]
[(2, 6), (3, 6), (1, 3), (2, 3), (3, 4), (3, 5)]
[1, 0, 1, 0, 0, 0]
[(2, 3), (4, 5), (1, 3), (2, 6), (3, 6), (0, 4)]
[1, 0, 1, 0, 1, 0]

178
[(0, 2), (0, 6), (1, 2), (1, 3), (1, 4), (1, 5), (2, 3), (2, 5), (3, 4), (3, 5), (4, 5)]
1
[1, 2, 0, 6, 3, 4, 5]
[(1, 2), (0, 2), (0, 6), (2, 3), (3, 4), (4, 5)]
[(1, 3), (1, 4), (1, 5), (2, 5), (3, 5)]
[1, 2, 3, 4, 5, 0, 6]
[(1, 2), (1, 3), (1, 4), (1, 5), (0, 2), (0, 6)]
[(2, 3), (2, 5), (3, 4), (3, 5), (4, 5)]
[(4, 5), (3, 4), (1, 2), (0, 6), (3, 5), (0, 2)]
[1, 1, 1, 1, 0, 1]
[(2, 5), (4, 5), (1, 4), (3, 4), (1, 5), (3, 5)]
[0, 0, 1, 0, 1, 0]

179
[(0, 2), (0, 3), (0, 4), (0, 5), (0, 6), (1, 6), (2, 3), (2, 6), (3, 4), (3, 5), (4, 5)]
5
[5, 0, 2, 3, 4, 6, 1]
[(0, 5), (0, 2), (2, 3), (3, 4), (2, 6), (1, 6)]
[(0, 3), (0, 4), (0, 6), (3, 5), (4, 5)]
[5, 0, 3, 4, 2, 6, 1]
[(0, 5), (3, 5), (4, 5), (0, 2), (0, 6), (1, 6)]
[(0, 3), (0, 4), (2, 3), (2, 6), (3, 4)]
[(0, 2), (3, 5), (4, 5), (1, 6), (0, 4), (0, 3)]
[1, 0, 0, 1, 0, 0]
[(2, 3), (0, 6), (0, 5), (3, 5), (4, 5), (0, 2)]
[0, 1, 1, 1, 1, 1]

180
[(0, 2), (0, 3), (0, 6), (1, 4), (1, 5), (1, 6), (2, 3), (2, 6), (4, 5), (4, 6)]
2
[2, 0, 3, 6, 1, 4, 5]
[(0, 2), (0, 3), (0, 6), (1, 6), (1, 4), (4, 5)]
[(1, 5), (2, 3), (2, 6), (4, 6)]
[2, 0, 3, 6, 1, 4, 5]
[(0, 2), (2, 3), (2, 6), (1, 6), (4, 6), (1, 5)]
[(0, 3), (0, 6), (1, 4), (4, 5)]
[(0, 3), (1, 5), (2, 3), (4, 5), (1, 4), (0, 2)]
[1, 0, 0, 1, 1, 1]
[(4, 6), (2, 3), (0, 3), (1, 4), (1, 5), (2, 6)]
[1, 1, 0, 0, 1, 1]

181
[(0, 1), (0, 2), (0, 3), (0, 4), (0, 5), (0, 6), (1, 6), (2, 6), (3, 6), (4, 6), (5, 6)]
2
[2, 0, 1, 6, 3, 4, 5]
[(0, 2), (0, 1), (1, 6), (3, 6), (4, 6), (5, 6)]
[(0, 3), (0, 4), (0, 5), (0, 6), (2, 6)]
[2, 0, 6, 1, 3, 4, 5]
[(0, 2), (2, 6), (0, 1), (0, 3), (0, 4), (0, 5)]
[(0, 6), (1, 6), (3, 6), (4, 6), (5, 6)]
[(0, 3), (0, 6), (0, 2), (2, 6), (0, 4), (1, 6)]
[0, 0, 1, 0, 0, 1]
[(0, 6), (1, 6), (5, 6), (0, 1), (3, 6), (0, 5)]
[0, 0, 0, 1, 0, 1]

182
[(0, 1), (0, 2), (0, 3), (0, 4), (0, 6), (1, 4), (1, 5), (2, 5), (3, 5), (3, 6)]
0
[0, 1, 4, 5, 2, 3, 6]
[(0, 1), (1, 4), (1, 5), (2, 5), (3, 5), (3, 6)]
[(0, 2), (0, 3), (0, 4), (0, 6)]
[0, 1, 2, 3, 4, 6, 5]
[(0, 1), (0, 2), (0, 3), (0, 4), (0, 6), (1, 5)]
[(1, 4), (2, 5), (3, 5), (3, 6)]
[(0, 4), (0, 6), (3, 5), (0, 3), (1, 4), (2, 5)]
[0, 0, 1, 0, 1, 1]
[(3, 5), (2, 5), (3, 6), (0, 2), (0, 6), (1, 4)]
[0, 0, 0, 1, 1, 0]

183
[(0, 2), (0, 3), (0, 4), (0, 5), (1, 4), (2, 5), (3, 4), (3, 5), (3, 6), (4, 5), (4, 6)]
5
[5, 0, 2, 3, 4, 1, 6]
[(0, 5), (0, 2), (0, 3), (3, 4), (1, 4), (4, 6)]
[(0, 4), (2, 5), (3, 5), (3, 6), (4, 5)]
[5, 0, 2, 3, 4, 6, 1]
[(0, 5), (2, 5), (3, 5), (4, 5), (3, 6), (1, 4)]
[(0, 2), (0, 3), (0, 4), (3, 4), (4, 6)]
[(3, 6), (0, 3), (0, 5), (0, 4), (3, 4), (4, 6)]
[0, 1, 1, 0, 1, 1]
[(4, 5), (0, 3), (4, 6), (0, 2), (2, 5), (3, 4)]
[1, 0, 0, 0, 1, 0]

184
[(0, 2), (0, 3), (0, 4), (0, 5), (1, 6), (2, 3), (2, 4), (2, 5), (3, 6), (5, 6)]
4
[4, 0, 2, 3, 6, 1, 5]
[(0, 4), (0, 2), (2, 3), (3, 6), (1, 6), (5, 6)]
[(0, 3), (0, 5), (2, 4), (2, 5)]
[4, 0, 2, 3, 5, 6, 1]
[(0, 4), (2, 4), (0, 3), (0, 5), (3, 6), (1, 6)]
[(0, 2), (2, 3), (2, 5), (5, 6)]
[(0, 2), (3, 6), (0, 4), (2, 4), (1, 6), (2, 5)]
[1, 1, 1, 0, 1, 0]
[(0, 3), (2, 3), (0, 5), (2, 5), (3, 6), (1, 6)]
[1, 0, 1, 0, 1, 1]

185
[(0, 1), (0, 3), (1, 2), (1, 3), (2, 4), (2, 6), (3, 6), (4, 5), (5, 6)]
5
[5, 4, 2, 1, 0, 3, 6]
[(4, 5), (2, 4), (1, 2), (0, 1), (0, 3), (3, 6)]
[(1, 3), (2, 6), (5, 6)]
[5, 4, 6, 2, 3, 1, 0]
[(4, 5), (5, 6), (2, 4), (3, 6), (1, 2), (0, 3)]
[(0, 1), (1, 3), (2, 6)]
[(2, 4), (0, 1), (1, 3), (4, 5), (0, 3), (3, 6)]
[1, 1, 0, 1, 1, 1]
[(3, 6), (0, 1), (0, 3), (2, 4), (2, 6), (1, 3)]
[1, 0, 1, 1, 0, 0]

186
[(0, 2), (0, 4), (0, 5), (1, 2), (1, 4), (2, 4), (2, 6), (3, 5), (4, 5), (4, 6)]
0
[0, 2, 1, 4, 5, 3, 6]
[(0, 2), (1, 2), (1, 4), (4, 5), (3, 5), (4, 6)]
[(0, 4), (0, 5), (2, 4), (2, 6)]
[0, 2, 4, 5, 1, 6, 3]
[(0, 2), (0, 4), (0, 5), (1, 2), (2, 6), (3, 5)]
[(1, 4), (2, 4), (4, 5), (4, 6)]
[(1, 4), (1, 2), (4, 5), (0, 4), (0, 5), (0, 2)]
[1, 1, 1, 0, 0, 1]
[(4, 5), (3, 5), (0, 2), (2, 4), (4, 6), (1, 4)]
[0, 1, 1, 0, 0, 0]

187
[(0, 1), (0, 2), (0, 4), (1, 3), (2, 5), (2, 6), (3, 4), (3, 6), (4, 5), (5, 6)]
5
[5, 2, 0, 1, 3, 4, 6]
[(2, 5), (0, 2), (0, 1), (1, 3), (3, 4), (3, 6)]
[(0, 4), (2, 6), (4, 5), (5, 6)]
[5, 2, 4, 6, 0, 3, 1]
[(2, 5), (4, 5), (5, 6), (0, 2), (3, 4), (0, 1)]
[(0, 4), (1, 3), (2, 6), (3, 6)]
[(0, 1), (1, 3), (5, 6), (2, 5), (2, 6), (0, 4)]
[1, 1, 0, 1, 0, 0]
[(0, 2), (5, 6), (3, 4), (2, 6), (4, 5), (3, 6)]
[1, 1, 1, 0, 1, 0]

188
[(0, 2), (0, 3), (0, 4), (0, 6), (1, 4), (1, 6), (2, 3), (4, 5), (4, 6), (5, 6)]
5
[5, 4, 0, 2, 3, 6, 1]
[(4, 5), (0, 4), (0, 2), (2, 3), (0, 6), (1, 6)]
[(0, 3), (1, 4), (4, 6), (5, 6)]
[5, 4, 6, 0, 1, 2, 3]
[(4, 5), (5, 6), (0, 4), (1, 4), (0, 2), (0, 3)]
[(0, 6), (1, 6), (2, 3), (4, 6)]
[(2, 3), (4, 6), (5, 6), (0, 6), (1, 4), (0, 3)]
[1, 0, 0, 1, 0, 0]
[(2, 3), (1, 4), (0, 2), (5, 6), (4, 6), (0, 3)]
[0, 1, 1, 1, 0, 1]

189
[(0, 1), (0, 6), (1, 3), (2, 4), (2, 5), (3, 4), (3, 5), (3, 6), (4, 5)]
0
[0, 1, 3, 4, 2, 5, 6]
[(0, 1), (1, 3), (3, 4), (2, 4), (2, 5), (3, 6)]
[(0, 6), (3, 5), (4, 5)]
[0, 1, 6, 3, 4, 5, 2]
[(0, 1), (0, 6), (1, 3), (3, 4), (3, 5), (2, 4)]
[(2, 5), (3, 6), (4, 5)]
[(1, 3), (0, 6), (3, 5), (3, 6), (2, 5), (4, 5)]
[1, 0, 0, 1, 1, 0]
[(3, 6), (4, 5), (3, 4), (0, 6), (0, 1), (1, 3)]
[0, 0, 1, 1, 1, 1]

190
[(0, 1), (0, 2), (0, 3), (0, 4), (0, 5), (0, 6), (1, 3), (2, 6), (3, 4), (5, 6)]
6
[6, 0, 1, 3, 4, 2, 5]
[(0, 6), (0, 1), (1, 3), (3, 4), (0, 2), (0, 5)]
[(0, 3), (0, 4), (2, 6), (5, 6)]
[6, 0, 2, 5, 1, 3, 4]
[(0, 6), (2, 6), (5, 6), (0, 1), (0, 3), (0, 4)]
[(0, 2), (0, 5), (1, 3), (3, 4)]
[(1, 3), (0, 5), (3, 4), (0, 2), (0, 3), (0, 1)]
[1, 1, 1, 1, 0, 1]
[(0, 5), (0, 2), (5, 6), (0, 3), (1, 3), (3, 4)]
[0, 0, 1, 1, 0, 0]

191
[(0, 1), (0, 2), (0, 4), (1, 2), (1, 4), (2, 5), (2, 6), (3, 5), (4, 5), (4, 6)]
2
[2, 0, 1, 4, 5, 3, 6]
[(0, 2), (0, 1), (1, 4), (4, 5), (3, 5), (4, 6)]
[(0, 4), (1, 2), (2, 5), (2, 6)]
[2, 0, 1, 5, 6, 4, 3]
[(0, 2), (1, 2), (2, 5), (2, 6), (0, 4), (3, 5)]
[(0, 1), (1, 4), (4, 5), (4, 6)]
[(2, 6), (3, 5), (1, 2), (2, 5), (4, 6), (0, 2)]
[0, 1, 0, 0, 1, 1]
[(0, 1), (3, 5), (2, 5), (1, 4), (0, 4), (4, 5)]
[0, 1, 1, 0, 1, 0]

192
[(0, 1), (0, 2), (1, 2), (1, 3), (1, 4), (1, 5), (2, 3), (3, 4), (3, 5), (4, 5), (4, 6)]
2
[2, 0, 1, 3, 4, 5, 6]
[(0, 2), (0, 1), (1, 3), (3, 4), (4, 5), (4, 6)]
[(1, 2), (1, 4), (1, 5), (2, 3), (3, 5)]
[2, 0, 1, 3, 4, 5, 6]
[(0, 2), (1, 2), (2, 3), (1, 4), (1, 5), (4, 6)]
[(0, 1), (1, 3), (3, 4), (3, 5), (4, 5)]
[(0, 2), (1, 3), (4, 5), (0, 1), (3, 5), (1, 5)]
[1, 1, 1, 1, 0, 0]
[(0, 2), (3, 4), (1, 4), (1, 3), (3, 5), (0, 1)]
[1, 0, 1, 0, 0, 0]

193
[(0, 1), (0, 2), (0, 3), (0, 5), (0, 6), (1, 4), (2, 4), (4, 5), (4, 6)]
2
[2, 0, 1, 4, 5, 6, 3]
[(0, 2), (0, 1), (1, 4), (4, 5), (4, 6), (0, 3)]
[(0, 5), (0, 6), (2, 4)]
[2, 0, 4, 1, 3, 5, 6]
[(0, 2), (2, 4), (0, 1), (0, 3), (0, 5), (0, 6)]
[(1, 4), (4, 5), (4, 6)]
[(1, 4), (0, 3), (4, 5), (4, 6), (2, 4), (0, 2)]
[1, 1, 1, 1, 0, 1]
[(4, 5), (2, 4), (0, 1), (4, 6), (0, 5), (1, 4)]
[0, 1, 1, 0, 1, 0]

194
[(0, 2), (0, 3), (1, 5), (1, 6), (2, 4), (2, 6), (3, 6), (4, 5), (5, 6)]
3
[3, 0, 2, 4, 5, 1, 6]
[(0, 3), (0, 2), (2, 4), (4, 5), (1, 5), (1, 6)]
[(2, 6), (3, 6), (5, 6)]
[3, 0, 6, 2, 1, 5, 4]
[(0, 3), (3, 6), (0, 2), (1, 6), (5, 6), (2, 4)]
[(1, 5), (2, 6), (4, 5)]
[(3, 6), (0, 3), (0, 2), (5, 6), (2, 4), (2, 6)]
[0, 1, 1, 0, 1, 0]
[(2, 4), (3, 6), (1, 5), (5, 6), (2, 6), (0, 2)]
[1, 1, 0, 1, 0, 1]

195
[(0, 3), (0, 4), (0, 5), (0, 6), (1, 2), (1, 3), (1, 6), (2, 3), (2, 6), (3, 6), (5, 6)]
3
[3, 0, 4, 5, 6, 1, 2]
[(0, 3), (0, 4), (0, 5), (5, 6), (1, 6), (1, 2)]
[(0, 6), (1, 3), (2, 3), (2, 6), (3, 6)]
[3, 0, 1, 2, 6, 4, 5]
[(0, 3), (1, 3), (2, 3), (3, 6), (0, 4), (0, 5)]
[(0, 6), (1, 2), (1, 6), (2, 6), (5, 6)]
[(0, 4), (1, 6), (0, 5), (2, 6), (3, 6), (1, 3)]
[1, 1, 1, 0, 0, 0]
[(1, 3), (3, 6), (0, 3), (0, 4), (1, 2), (0, 5)]
[1, 1, 1, 1, 0, 1]

196
[(0, 1), (0, 5), (0, 6), (1, 5), (2, 4), (2, 5), (3, 5), (3, 6), (4, 5)]
3
[3, 5, 0, 1, 6, 2, 4]
[(3, 5), (0, 5), (0, 1), (0, 6), (2, 5), (2, 4)]
[(1, 5), (3, 6), (4, 5)]
[3, 5, 6, 0, 1, 2, 4]
[(3, 5), (3, 6), (0, 5), (1, 5), (2, 5), (4, 5)]
[(0, 1), (0, 6), (2, 4)]
[(3, 6), (2, 4), (0, 5), (2, 5), (0, 1), (3, 5)]
[0, 1, 1, 1, 1, 1]
[(2, 4), (2, 5), (4, 5), (0, 6), (0, 1), (3, 6)]
[0, 1, 1, 0, 0, 1]

197
[(0, 1), (0, 2), (0, 3), (0, 4), (0, 5), (0, 6), (1, 5), (1, 6), (3, 5), (4, 5), (4, 6)]
0
[0, 1, 5, 3, 4, 6, 2]
[(0, 1), (1, 5), (3, 5), (4, 5), (4, 6), (0, 2)]
[(0, 3), (0, 4), (0, 5), (0, 6), (1, 6)]
[0, 1, 2, 3, 4, 5, 6]
[(0, 1), (0, 2), (0, 3), (0, 4), (0, 5), (0, 6)]
[(1, 5), (1, 6), (3, 5), (4, 5), (4, 6)]
[(4, 5), (0, 5), (1, 6), (0, 4), (1, 5), (0, 2)]
[1, 0, 0, 0, 1, 1]
[(0, 3), (0, 4), (0, 2), (1, 6), (1, 5), (4, 6)]
[1, 1, 1, 0, 0, 0]

198
[(0, 3), (1, 3), (1, 6), (2, 3), (2, 4), (2, 5), (2, 6), (3, 4), (3, 6), (5, 6)]
0
[0, 3, 1, 6, 2, 4, 5]
[(0, 3), (1, 3), (1, 6), (2, 6), (2, 4), (2, 5)]
[(2, 3), (3, 4), (3, 6), (5, 6)]
[0, 3, 1, 2, 4, 6, 5]
[(0, 3), (1, 3), (2, 3), (3, 4), (3, 6), (2, 5)]
[(1, 6), (2, 4), (2, 6), (5, 6)]
[(2, 4), (2, 6), (1, 6), (0, 3), (5, 6), (2, 5)]
[1, 1, 1, 1, 0, 1]
[(2, 6), (3, 6), (3, 4), (5, 6), (2, 4), (1, 6)]
[0, 1, 1, 0, 0, 0]

199
[(0, 2), (0, 4), (0, 5), (0, 6), (1, 3), (1, 4), (1, 5), (1, 6), (2, 4), (3, 4)]
2
[2, 0, 4, 1, 3, 5, 6]
[(0, 2), (0, 4), (1, 4), (1, 3), (1, 5), (1, 6)]
[(0, 5), (0, 6), (2, 4), (3, 4)]
[2, 0, 4, 5, 6, 1, 3]
[(0, 2), (2, 4), (0, 5), (0, 6), (1, 4), (3, 4)]
[(0, 4), (1, 3), (1, 5), (1, 6)]
[(0, 6), (2, 4), (0, 4), (3, 4), (0, 5), (1, 5)]
[0, 0, 1, 0, 0, 1]
[(0, 2), (1, 3), (0, 5), (1, 6), (0, 4), (1, 5)]
[1, 0, 1, 0, 0, 0]

200
[(0, 3), (1, 2), (1, 3), (1, 4), (2, 3), (2, 4), (2, 6), (3, 6), (4, 5), (4, 6)]
4
[4, 1, 2, 3, 0, 6, 5]
[(1, 4), (1, 2), (2, 3), (0, 3), (3, 6), (4, 5)]
[(1, 3), (2, 4), (2, 6), (4, 6)]
[4, 1, 2, 5, 6, 3, 0]
[(1, 4), (2, 4), (4, 5), (4, 6), (1, 3), (0, 3)]
[(1, 2), (2, 3), (2, 6), (3, 6)]
[(4, 6), (3, 6), (4, 5), (2, 4), (2, 6), (1, 3)]
[0, 1, 1, 0, 0, 0]
[(2, 4), (4, 6), (3, 6), (4, 5), (0, 3), (2, 3)]
[1, 1, 0, 1, 1, 0]

