4, 7, -1
5
6
4

1, -5, -2
-2
-1
-3

-7, -2, 2
-5
-4
-6

-8, -2, 2
-5
-4
-6

1, -3, -1
-1
0
-2

7, 10
8
9
7

-9, -4, 2
-7
-6
-8

-8, -15, -2
-12
-11
-13

8, 10
9
10
8

-1, -4, -1
-3
-2
-4

4, -4, -2
0
1
-1

8, 2, -2
5
6
4

-8, -10, -1
-9
-8
-10

-8, -14, -2
-11
-10
-12

-6, -10, -1
-8
-7
-9

7, 13, 2
10
11
9

10, 8
9
10
8

6, 11, 2
8
9
7

-4, 3, 3
-1
0
-2

8, 6, -1
7
8
6

-2, -8, -2
-5
-4
-6

-1, -8, -2
-5
-4
-6

0, -3, -1
-2
-1
-3

-1, -7, -2
-4
-3
-5

8, 16, 2
12
13
11

-7, -14, -2
-11
-10
-12

5, -3, -2
1
2
0

-6, -14, -2
-10
-9
-11

4, 15, 3
9
10
8

-7, -13, -2
-10
-9
-11

0, -2, -1
-1
0
-2

4, 16, 3
10
11
9

8, 5, -1
6
7
5

3, 7, 2
5
6
4

-2, 8, 3
3
4
2

-1, 8, 3
3
4
2

3, 11, 2
7
8
6

8, 14, 3
11
12
10

-7, -10, -1
-9
-8
-10

8, 5, -1
6
7
5

-7, 3, 3
-2
-1
-3

8, 1, -2
4
5
3

4, 8
6
7
5

-8, -3, 2
-6
-5
-7

-6, -10, -2
-8
-7
-9

-8, -1, 3
-5
-4
-6

-8, -2, 3
-5
-4
-6

-7, -1, 2
-4
-3
-5

8, 15, 2
11
12
10

3, -5, -2
-1
0
-2

9, 3, -2
6
7
5

3, 0, -1
1
2
0

5, 0, -2
2
3
1

-2, 1
-1
0
-2

-7, 1, 2
-3
-2
-4

9, 17, 3
13
14
12

8, 17, 3
12
13
11

0, 9, 3
4
5
3

3, 14, 3
8
9
7

-3, -1
-2
-1
-3

-6, -1, 2
-4
-3
-5

0, -3, -1
-2
-1
-3

5, 10, 2
7
8
6

1, -2, -1
-1
0
-2

7, 5, -1
6
7
5

5, 15, 3
10
11
9

-8, 1, 3
-4
-3
-5

-2, 2
0
1
-1

-1, 2
0
1
-1

8, -2, 3
3
4
2

1, 10, 3
5
6
4

2, 7, -2
4
5
3

-1, 5, 2
2
3
1

5, 12, 3
8
9
7

-4, -8, -1
-6
-5
-7

9, 15, 2
12
13
11

2, 0
1
2
0

2, 0, -1
1
2
0

9, 6, -1
7
8
6

7, 1, -2
4
5
3

5, 9
7
8
6

5, 13, 3
9
10
8

2, 10, 2
6
7
5

9, 7, -1
8
9
7

-3, -6, -1
-5
-4
-6

3, -9, 3
-3
-2
-4

6, 2, -1
4
5
3

-6, 3, 3
-2
-1
-3

-1, -6, -2
-4
-3
-5

-5, -8, -1
-7
-6
-8

-3, -7, -1
-5
-4
-6

-4, -8, -2
-6
-5
-7

2, 4
3
4
2

-4, -12, -2
-8
-7
-9

-6, -4
-5
-4
-6

-5, -7, -1
-6
-5
-7

-7, -4
-6
-5
-7

-7, -12, -2
-10
-9
-11

-4, 8, 3
2
3
1

7, 11, 2
9
10
8

7, 0, -2
3
4
2

-9, -14, -2
-12
-11
-13

9, 3, -2
6
7
5

0, 10, 3
5
6
4

-6, -3
-5
-4
-6

-3, -11, -2
-7
-6
-8

-9, -13, -2
-11
-10
-12

1, -5, -2
-2
-1
-3

9, 6
7
8
6

-2, 4, 2
1
2
0

-1, 4, 2
1
2
0

-3, 9, 3
3
4
2

6, 8
7
8
6

-9, -3, 2
-6
-5
-7

2, -5, -2
-2
-1
-3

-2, -7, -2
-5
-4
-6

6, 9, -1
7
8
6

7, 4, -1
5
6
4

6, 1, -2
3
4
2

-5, 5, 3
0
1
-1

-6, 5, 3
-1
0
-2

6, 2, -2
4
5
3

9, 13, 2
11
12
10

-3, 6, 3
1
2
0

-3, 4, 2
0
1
-1

1, 7, 2
4
5
3

-1, 6, 3
2
3
1

7, 17, 3
12
13
11

2, 8, 3
5
6
4

-1, 7, 3
3
4
2

1, -2, -1
-1
0
-2

0, -7, 2
-4
-3
-5

-7, 0, 3
-4
-3
-5

-3, 1
-1
0
-2

1, 8, 2
4
5
3

4, 0, -1
2
3
1

7, 14, 3
10
11
9

0, 9, 3
4
5
3

-2, 1
-1
0
-2

-7, 1, 3
-3
-2
-4

6, 12, 2
9
10
8

1, 13, 3
7
8
6

7, 11
9
10
8

-8, -1, -2
-5
-4
-6

7, 3
5
6
4

-3, 3, 3
0
1
-1

-4, 2, 2
-1
0
-2

3, 1, -1
2
3
1

-8, -5
-7
-6
-8

4, -1, -2
1
2
0

-5, 4, 3
-1
0
-2

6, 13, 2
9
10
8

5, 1, -1
3
4
2

3, 12, 3
7
8
6

5, 7
6
7
5

4, 1, -1
2
3
1

-9, -6
-8
-7
-9

3, 5
4
5
3

2, 7, 2
4
5
3

-4, -1
-3
-2
-4

3, -1, -2
1
2
0

-3, 1, 2
-1
0
-2

8, 2, -2
5
6
4

1, 6, 2
3
4
2

-1, 5, 2
2
3
1

6, 17, 3
11
12
10

3, -3, -2
0
1
-1

5, 12, 2
8
9
7

12, 9
10
11
9

-6, -8, -1
-7
-6
-8

8, 18, 3
13
14
12

5, 13, 2
9
10
8

3, 0, -1
1
2
0

-6, 2, 2
-2
-1
-3

4, -3, -2
0
1
-1

8, 3, -2
5
6
4

4, 8, 2
6
7
5

-5, -1
-3
-2
-4

1, 10, 3
5
6
4

-5, 0, 2
-3
-2
-4

9, 18, 3
13
14
12

-2, -10, -2
-6
-5
-7

-8, -2, 2
-5
-4
-6

-6, -9, -1
-8
-7
-9

7, 14, 2
10
11
9

8, 16, 3
12
13
11

-6, 0, 3
-3
-2
-4

3, -2, -2
0
1
-1

3, -3, 2
0
1
-1

5, 1, -2
3
4
2

5, 16, 3
10
11
9

9, 15, 3
12
13
11

5, -2, -2
1
2
0

-6, -9, -1
-8
-7
-9

-8, 3, 3
-3
-2
-4

-6, -13, -2
-10
-9
-11

8, 14, 2
11
12
10

8, 2, 2
5
6
4

4, 12, 3
8
9
7

14, 6, 2
10
11
9

3, 8, 2
5
6
4

-2, 9, 3
3
4
2

8, 15, 3
11
12
10

9, 18, 3
13
14
12

-5, -11, -2
-8
-7
-9

10, 4, 2
7
8
6

9, 11
10
11
9

-1, 10, 3
4
5
3

-5, -1, -1
-3
-2
-4

-4, -7, -1
-6
-5
-7

2, 5
3
4
2

-6, 3, 3
-2
-1
-3

-9, -17, -2
-13
-12
-14

-9, -1, 2
-5
-4
-6

-4, -6, -1
-5
-4
-6

2, -1
0
1
-1

9, 12
10
11
9

9, 1, -2
5
6
4

4, 6
5
6
4

-9, -12, -1
-11
-10
-12

0, 6, 2
3
4
2

-9, -13, -1
-11
-10
-12

-3, -5
-4
-3
-5

-3, -5, -1
-4
-3
-5

1, 7, 3
4
5
3

-3, -9, -2
-6
-5
-7

8, 11
9
10
8

-4, -10, -2
-7
-6
-8

9, 5, -1
7
8
6

6, 14, 2
10
11
9

-3, 5, 2
1
2
0

7, 2, -2
4
5
3

-7, -11, -2
-9
-8
-10

3
1
2
0

0, 3, -1
1
2
0

2, 8, -2
5
6
4

-5, 1, 2
-2
-1
-3

7, 3, -2
5
6
4

9, 15, 2
12
13
11

6, 3, -1
4
5
3

1, 9, 2
5
6
4

-3, -6, -1
-5
-4
-6

-9, 3, 3
-3
-2
-4

-2, 2, 2
0
1
-1

7, 19, 3
13
14
12

-3, 3, 2
0
1
-1

6, 9
7
8
6

-9, -2, 2
-6
-5
-7

0, 11, 3
5
6
4

2, -4, -2
-1
0
-2

-1, -4
-3
-2
-4

-7, -1, 3
-4
-3
-5

-9, -5, 2
-7
-6
-8

-6, -3
-5
-4
-6

-5, -2, -1
-4
-3
-5

7, 18, 3
12
13
11

1, 4
2
3
1

2, 12, 3
7
8
6

-2, -5, -1
-4
-3
-5

7, 15, 3
11
12
10

6, 10, 2
8
9
7

-8, -4
-6
-5
-7

-5, 3, 2
-1
0
-2

6, 9
7
8
6

-4, 5, 3
0
1
-1

7, 12, 2
9
10
8

2, 13, 3
7
8
6

2, 9, 3
5
6
4

-9, -2, 3
-6
-5
-7

3, 9, 3
6
7
5

-1, 1
0
1
-1

2, 10, 3
6
7
5

7, 9
8
9
7

3, -1, -1
1
2
0

-8, -12, -2
-10
-9
-11

4, 14, 3
9
10
8

-1, -5, -1
-3
-2
-4

8, 4, -1
6
7
5

-5, -1, 2
-3
-2
-4

-2, 4, 3
1
2
0

-7, -3
-5
-4
-6

3
1
2
0

6, 3, -1
4
5
3

4
2
3
1

-4, 2, 3
-1
0
-2

-1, -9, -2
-5
-4
-6

-8, -5
-7
-6
-8

-8, -5, -1
-7
-6
-8

1, -1, -1
0
1
-1

8, 4, -2
6
7
5

8, 0, -2
4
5
3

1, -4, 2
-2
-1
-3

-8, -4, 2
-6
-5
-7

1, 11, 3
6
7
5

-8, -12, -1
-10
-9
-11

-3, 2, 2
-1
0
-2

4, 10, 2
7
8
6

-2, -6, -1
-4
-3
-5

-4, 3, 2
-1
0
-2

9, 20, 3
14
15
13

3, -1, 2
1
2
0

-8, -16, -2
-12
-11
-13

-4, -2
-3
-2
-4

-7, -4
-6
-5
-7

0, 4, 2
2
3
1

-8, 4, 3
-2
-1
-3

-6, -12, -2
-9
-8
-10

4, 10, 3
7
8
6

-2, -5, -1
-4
-3
-5

6, 15, 3
10
11
9

5, 3, -1
4
5
3

-8, -11, -1
-10
-9
-11

5, 8
6
7
5

8, 20, 3
14
15
13

3, 6
4
5
3

7, 15, 2
11
12
10

13, 7, 3
10
11
9

-1, 11, 3
5
6
4

-2, -9, -2
-6
-5
-7

-7, -15, -2
-11
-10
-12

-2, 0
-1
0
-2

-2, 5, 2
1
2
0

3, 9, 2
6
7
5

-6, -11, -2
-9
-8
-10

0, 8, 3
4
5
3

-1, 6, 2
2
3
1

-2, 6, 2
2
3
1

8, 12, 2
10
11
9

3, 13, 3
8
9
7

-7, 0, 2
-4
-3
-5

-6, 2, 3
-2
-1
-3

5, 2, -1
3
4
2

9, 16, 3
12
13
11

8, 12
10
11
9

5, 9, 2
7
8
6

-8, 1, 3
-4
-3
-5

1, -3, -2
-1
0
-2

9, 5
7
8
6

8, -1, 3
3
4
2

-5, -2
-4
-3
-5

-9, -7
-8
-7
-9

9, 6, -1
7
8
6

0, 4, -1
2
3
1

4, 13, 3
8
9
7

1, 9, 3
5
6
4

-1, -3, -1
-2
-1
-3

-6, 0, 2
-3
-2
-4

3, 7
5
6
4

6, 10
8
9
7

0, 7, -2
3
4
2

-3, 0
-2
-1
-3

-7, -9, -1
-8
-7
-9

-2, -8, -2
-5
-4
-6

-6, 1, 3
-3
-2
-4

7, 3, -1
5
6
4

3, 12, 3
7
8
6

9, 2, -2
5
6
4

-9, -11, -1
-10
-9
-11

-9, -15, -2
-12
-11
-13

0, -8, -2
-4
-3
-5

4, 7
5
6
4

10, 0, 3
5
6
4

-5, -9, -2
-7
-6
-8

1, 5
3
4
2

9, 16, 2
12
13
11

2, 5
3
4
2

-4, -7, -1
-6
-5
-7

-1, 5, 3
2
3
1

1, 5, -1
3
4
2

5, 14, 3
9
10
8

-7, -5
-6
-5
-7

9, 17, 2
13
14
12

-7, -13, -2
-10
-9
-11

-6, -2
-4
-3
-5

2, -2, -1
0
1
-1

2, -1, -1
0
1
-1

-2, 7, 3
2
3
1

9, 12
10
11
9

3, 6
4
5
3

-5, -2
-4
-3
-5

-9, -15, -2
-12
-11
-13

-5, -13, -2
-9
-8
-10

0, -4, -1
-2
-1
-3

2
1
2
0

5, -5, 3
0
1
-1

-9, -12, -1
-11
-10
-12

-3, 0
-2
-1
-3

1, 8, 3
4
5
3

-2, -4, -1
-3
-2
-4

-1, -4, -1
-3
-2
-4

-4, -9, -2
-7
-6
-8

1, 9, -2
5
6
4

-1, 3, 2
1
2
0

7, 4, -1
5
6
4

1, -7, -2
-3
-2
-4

-4, -10, -2
-7
-6
-8

4, 7
5
6
4

2, -2, -2
0
1
-1

6, 0, -2
3
4
2

-5, -9, -1
-7
-6
-8

7, 13, 2
10
11
9

2, 14, 3
8
9
7

-9, -16, -2
-13
-12
-14

-3, -8, -2
-6
-5
-7

0, 12, 3
6
7
5

-10, -7, -1
-9
-8
-10

-7, -1, 2
-4
-3
-5

-3, -7, -2
-5
-4
-6

-3, 8, 3
2
3
1

2, 11, 3
6
7
5

-5, 6, 3
0
1
-1

2, 9, 2
5
6
4

6, 12, 2
9
10
8

3, 11, 3
7
8
6

4, 0, -2
2
3
1

0, 7, 2
3
4
2

-5, 7, 3
1
2
0

5, 8
6
7
5

2, 6, 2
4
5
3

-2, 5, 3
1
2
0

-9, 0, 3
-5
-4
-6

-4, 2, 2
-1
0
-2

0, 2, -1
1
2
0

-1, 8, 3
3
4
2

-4, 7, 3
1
2
0

-7, -10, -1
-9
-8
-10

-9, 1, 3
-4
-3
-5

-4, 0
-2
-1
-3

12, 8
10
11
9

1, 5, 2
3
4
2

4, 7, -1
5
6
4

2, -3, -2
-1
0
-2

-8, -6
-7
-6
-8

1, 4
2
3
1

15, 7, 2
11
12
10

-2, 3, 2
0
1
-1

-1, 2
0
1
-1

-4, 1, 2
-2
-1
-3

6, 16, 3
11
12
10

-3, 5, 3
1
2
0

