0
1
[[0, 7], [0, 6], [0, 2], [7, 9], [7, 4], [7, 6], [3, 8], [3, 2], [3, 1], [8, 5], [8, 9], [1, 5], [1, 4], [5, 6], [4, 9], [4, 6], [6, 2]]
6
0
0 7 5 4 2 
7 6 2 

1
1
[[0, 7], [0, 8], [1, 4], [1, 6], [2, 5], [2, 6], [2, 8], [2, 9], [3, 5], [4, 5], [5, 7], [8, 9]]
2
8
5 6 8 9 
0 2 9 

2
0
[(4, 2), (1, 2), [2, 7], (5, 4), [4, 8], [4, 0], [1, 6], [1, 9], [1, 0], [1, 8], (3, 7), (9, 7), [3, 0], (6, 3), [6, 8], [8, 0], [0, 5], (5, 9)]
1
8
2 6 9 0 8 
0 

3
1
[[0, 1], [0, 3], [0, 6], [1, 4], [1, 5], [2, 5], [2, 9], [4, 5], [5, 6], [5, 8], [6, 8], [7, 9], [8, 9]]
5
2
1 2 4 6 8 
5 9 

4
0
[[0, 4], (6, 0), [0, 9], [1, 6], [1, 9], (4, 2), (5, 2), [3, 7], (9, 3), (8, 6), [6, 9], [7, 9]]
9
0
3 
4 9 

5
1
[[0, 1], [0, 7], [0, 9], [0, 6], [1, 8], [1, 7], [7, 2], [2, 4], [2, 3], [4, 5], [4, 8], [6, 8], [6, 3], [6, 9], [9, 5], [3, 5]]
0
1
1 7 9 6 
0 8 7 

6
0
[[0, 3], [1, 6], (8, 1), [2, 4], (5, 2), [3, 7], (8, 3), [3, 9], (8, 4), (6, 5), [5, 7], [7, 8]]
3
7
7 9 
8 

7
1
[[0, 3], [0, 4], [0, 7], [1, 2], [2, 7], [2, 8], [3, 8], [4, 5], [4, 8], [5, 9], [6, 7], [6, 8], [7, 8], [7, 9], [8, 9]]
8
2
2 3 4 6 7 9 
1 7 8 

8
1
[[0, 1], [0, 3], [0, 4], [1, 2], [1, 5], [2, 5], [3, 4], [5, 7], [5, 8], [5, 9], [6, 9], [7, 9]]
5
2
1 2 7 8 9 
1 5 

9
0
[(2, 0), (7, 0), (9, 0), [1, 3], (6, 1), [2, 5], (6, 2), [3, 5], [3, 8], [4, 8], (7, 6), (9, 6)]
6
1
1 2 
3 

10
1
[[0, 2], [0, 4], [0, 9], [1, 2], [1, 3], [1, 4], [1, 5], [1, 6], [1, 7], [1, 8], [1, 9], [2, 3], [4, 5], [4, 6], [5, 7], [5, 8]]
1
2
2 3 4 5 6 7 8 9 
0 1 3 

11
0
[[0, 3], [0, 4], (6, 0), [1, 3], (4, 1), [1, 5], [1, 6], (8, 2), [3, 6], [3, 8], (9, 3), [4, 6], [4, 7], [6, 9], (9, 8)]
3
1
6 8 
3 5 6 

12
1
[[0, 2], [0, 3], [0, 4], [0, 8], [1, 6], [1, 9], [2, 5], [2, 9], [3, 9], [5, 7], [5, 8], [6, 8]]
0
3
2 3 4 8 
0 9 

13
1
[[0, 7], [0, 8], [1, 7], [1, 8], [2, 3], [2, 6], [2, 9], [3, 5], [3, 9], [4, 6], [6, 7], [7, 8]]
7
0
0 1 6 8 
7 8 

14
1
[[0, 6], [1, 2], [1, 4], [1, 9], [2, 3], [2, 4], [2, 7], [2, 8], [3, 4], [3, 5], [3, 8], [6, 8], [7, 8], [8, 9]]
2
3
1 3 4 7 8 
2 4 5 8 

15
1
[[0, 4], [0, 5], [0, 6], [0, 7], [1, 4], [1, 9], [2, 6], [3, 4], [4, 8], [5, 8], [5, 9], [8, 9]]
0
5
4 5 6 7 
0 8 9 

16
0
[[0, 5], (6, 0), (2, 1), (7, 1), (9, 2), [3, 4], [3, 5], (6, 4), (6, 5), (7, 5), (8, 5), [7, 9]]
5
0
None
5 

17
0
[(4, 0), (8, 1), (3, 2), (7, 2), (8, 2), (4, 3), (7, 3), (7, 4), (8, 4), (9, 4), (7, 5), (7, 6), (9, 8)]
4
8
0 3 
1 2 4 

18
1
[[0, 4], [0, 5], [0, 6], [0, 7], [0, 8], [0, 9], [1, 3], [1, 6], [1, 7], [2, 6], [4, 8], [5, 9]]
0
4
4 5 6 7 8 9 
0 8 

19
1
[[0, 7], [0, 9], [1, 2], [1, 9], [2, 6], [2, 7], [3, 6], [4, 6], [5, 8], [5, 9], [6, 7], [8, 9]]
6
3
2 3 4 7 
6 

20
0
[[0, 1], [0, 2], (6, 0), (5, 1), [1, 7], [2, 7], (4, 3), (5, 3), [3, 8], (6, 5), (8, 6), [8, 9]]
0
2
1 2 
7 

21
0
[(1, 0), [0, 3], [0, 9], [1, 4], [1, 9], (7, 2), (5, 3), [3, 7], (6, 4), [5, 6], [5, 7], [5, 9], [6, 7], (8, 6), (8, 7)]
7
3
2 
7 

22
1
[[0, 2], [0, 6], [1, 2], [1, 3], [1, 4], [1, 5], [1, 6], [2, 3], [2, 4], [2, 7], [2, 8], [2, 9], [3, 8], [4, 5], [4, 7], [4, 9]]
2
3
0 1 3 4 7 8 9 
1 2 8 

23
1
[[0, 2], [0, 3], [1, 2], [1, 4], [1, 5], [2, 3], [2, 4], [2, 5], [2, 6], [2, 7], [2, 9], [3, 9], [4, 7], [5, 6], [6, 8], [7, 8]]
2
0
0 1 3 4 5 6 7 9 
2 3 

24
1
[[0, 2], [0, 4], [0, 5], [0, 8], [0, 9], [1, 2], [1, 3], [1, 4], [2, 3], [2, 5], [2, 7], [3, 6], [3, 7], [4, 8], [5, 6], [5, 9]]
0
5
2 4 5 8 9 
0 2 6 9 

25
1
[[0, 1], [0, 2], [0, 8], [0, 9], [1, 6], [2, 3], [2, 5], [2, 6], [3, 6], [4, 6], [5, 7], [5, 9], [6, 7], [8, 9]]
6
1
1 2 3 4 7 
0 6 

26
1
[[0, 4], [0, 6], [0, 7], [0, 8], [0, 9], [1, 2], [1, 5], [1, 9], [2, 5], [2, 8], [3, 7], [4, 8], [5, 9], [8, 9]]
0
4
4 6 7 8 9 
0 8 

27
0
[[0, 1], [1, 3], [1, 4], [1, 9], [2, 4], (7, 3), (9, 3), (5, 4), [4, 6], (8, 4), [7, 8], (9, 7)]
4
8
6 
4 

28
1
[[0, 2], [0, 4], [0, 6], [0, 7], [0, 8], [1, 5], [2, 3], [2, 4], [3, 4], [4, 5], [4, 7], [5, 8], [6, 9], [7, 8], [8, 9]]
0
8
2 4 6 7 8 
0 5 7 9 

29
1
[[0, 2], [0, 7], [0, 9], [1, 3], [1, 6], [2, 5], [2, 6], [3, 5], [3, 8], [4, 8], [6, 7], [6, 9]]
6
1
1 2 7 9 
3 6 

30
1
[[0, 2], [0, 6], [1, 2], [1, 3], [1, 4], [1, 5], [1, 6], [2, 3], [2, 4], [2, 7], [2, 8], [2, 9], [3, 8], [4, 5], [4, 7], [4, 9]]
2
3
0 1 3 4 7 8 9 
1 2 8 

31
1
[[0, 4], [0, 5], [0, 6], [0, 7], [1, 4], [1, 9], [2, 6], [3, 4], [4, 8], [5, 8], [5, 9], [8, 9]]
0
5
4 5 6 7 
0 8 9 

32
0
[[0, 4], (6, 0), (9, 0), (6, 1), [1, 9], [2, 4], (5, 2), (7, 3), (9, 3), [6, 8], [6, 9], [7, 9]]
9
0
0 3 
4 

33
1
[[0, 5], [0, 6], [1, 2], [1, 7], [2, 9], [3, 4], [3, 5], [4, 6], [5, 6], [5, 7], [5, 8], [7, 9]]
5
0
0 3 6 7 8 
5 6 

34
0
[[0, 2], (4, 0), [0, 5], [0, 8], (9, 0), [1, 2], [1, 3], [1, 4], [2, 3], (5, 2), [2, 7], (6, 3), [3, 7], [4, 8], [5, 6], [5, 9]]
0
5
2 5 8 
2 6 9 

35
1
[[0, 7], [0, 8], [1, 7], [1, 8], [2, 3], [2, 6], [2, 9], [3, 5], [3, 9], [4, 6], [6, 7], [7, 8]]
7
0
0 1 6 8 
7 8 

36
1
[[0, 7], [0, 8], [1, 4], [1, 6], [2, 5], [2, 6], [2, 8], [2, 9], [3, 5], [4, 5], [5, 7], [8, 9]]
2
8
5 6 8 9 
0 2 9 

37
0
[[0, 6], (2, 1), (4, 1), (9, 1), (3, 2), (4, 2), (7, 2), (8, 2), (4, 3), [3, 5], [3, 8], (8, 6), [7, 8], [8, 9]]
2
3
1 
2 5 8 

38
1
[[0, 3], [0, 4], [0, 6], [1, 3], [1, 4], [1, 5], [1, 6], [2, 8], [3, 6], [3, 8], [3, 9], [4, 6], [4, 7], [6, 9], [8, 9]]
3
1
0 1 6 8 9 
3 4 5 6 

39
1
[[2, 4], [2, 1], [2, 7], [4, 5], [4, 8], [4, 0], [1, 6], [1, 9], [1, 0], [1, 8], [7, 3], [7, 9], [3, 0], [3, 6], [6, 8], [8, 0], [0, 5], [9, 5]]
1
8
2 6 9 0 8 
4 1 6 0 

40
1
[[0, 1], [0, 3], [0, 9], [1, 4], [1, 9], [2, 7], [3, 5], [3, 7], [4, 6], [5, 6], [5, 7], [5, 9], [6, 7], [6, 8], [7, 8]]
7
3
2 3 5 6 8 
0 5 7 

41
0
[[0, 2], [0, 3], (2, 1), [1, 4], (5, 1), (3, 2), (4, 2), [2, 5], (6, 2), [2, 7], [2, 9], [3, 9], [4, 7], (6, 5), (8, 6), (8, 7)]
2
0
1 5 7 9 
2 3 

42
1
[[0, 2], [0, 4], [0, 6], [0, 7], [0, 8], [1, 5], [2, 3], [2, 4], [3, 4], [4, 5], [4, 7], [5, 8], [6, 9], [7, 8], [8, 9]]
0
8
2 4 6 7 8 
0 5 7 9 

43
1
[[0, 3], [1, 6], [1, 8], [2, 4], [2, 5], [3, 7], [3, 8], [3, 9], [4, 8], [5, 6], [5, 7], [7, 8]]
3
7
0 7 8 9 
3 5 8 

44
1
[[0, 2], [0, 4], [0, 9], [1, 2], [1, 3], [1, 4], [1, 5], [1, 6], [1, 7], [1, 8], [1, 9], [2, 3], [4, 5], [4, 6], [5, 7], [5, 8]]
1
2
2 3 4 5 6 7 8 9 
0 1 3 

45
1
[[0, 4], [0, 6], [0, 7], [0, 8], [0, 9], [1, 2], [1, 5], [1, 9], [2, 5], [2, 8], [3, 7], [4, 8], [5, 9], [8, 9]]
0
4
4 6 7 8 9 
0 8 

46
1
[[0, 1], [0, 7], [0, 9], [0, 6], [1, 8], [1, 7], [7, 2], [2, 4], [2, 3], [4, 5], [4, 8], [6, 8], [6, 3], [6, 9], [9, 5], [3, 5]]
0
1
1 7 9 6 
0 8 7 

47
1
[[0, 1], [0, 2], [0, 6], [1, 5], [1, 7], [2, 7], [3, 4], [3, 5], [3, 8], [5, 6], [6, 8], [8, 9]]
0
2
1 2 6 
0 7 

48
1
[[0, 1], [0, 3], [0, 4], [1, 2], [1, 5], [2, 5], [3, 4], [5, 7], [5, 8], [5, 9], [6, 9], [7, 9]]
5
2
1 2 7 8 9 
1 5 

49
1
[[0, 2], [0, 3], [0, 4], [0, 8], [1, 6], [1, 9], [2, 5], [2, 9], [3, 9], [5, 7], [5, 8], [6, 8]]
0
3
2 3 4 8 
0 9 

50
0
[(7, 0), (9, 0), (2, 1), (9, 1), [2, 6], (7, 2), [3, 6], [4, 6], [5, 8], (9, 5), [6, 7], (9, 8)]
6
3
7 
6 

51
1
[[0, 7], [0, 6], [0, 2], [7, 9], [7, 4], [7, 6], [3, 8], [3, 2], [3, 1], [8, 5], [8, 9], [1, 5], [1, 4], [5, 6], [4, 9], [4, 6], [6, 2]]
6
0
0 7 5 4 2 
7 6 2 

52
1
[[0, 3], [0, 4], [0, 7], [1, 2], [2, 7], [2, 8], [3, 8], [4, 5], [4, 8], [5, 9], [6, 7], [6, 8], [7, 8], [7, 9], [8, 9]]
8
2
2 3 4 6 7 9 
1 7 8 

53
1
[[0, 1], [1, 3], [1, 4], [1, 9], [2, 4], [3, 7], [3, 9], [4, 5], [4, 6], [4, 8], [7, 8], [7, 9]]
4
8
1 2 5 6 8 
4 7 

54
0
[(1, 0), [0, 2], (8, 0), [0, 9], [1, 6], (3, 2), [2, 5], (6, 2), [3, 6], [4, 6], (7, 5), [5, 9], (7, 6), (9, 8)]
6
1
2 
0 6 

55
1
[[0, 4], [1, 8], [2, 3], [2, 7], [2, 8], [3, 4], [3, 7], [4, 7], [4, 8], [4, 9], [5, 7], [6, 7], [8, 9]]
4
8
0 3 7 8 9 
1 2 4 9 

56
1
[[0, 1], [0, 3], [0, 6], [1, 4], [1, 5], [2, 5], [2, 9], [4, 5], [5, 6], [5, 8], [6, 8], [7, 9], [8, 9]]
5
2
1 2 4 6 8 
5 9 

57
0
[[0, 4], [0, 5], [0, 6], (7, 0), (8, 0), (9, 0), [1, 3], [1, 6], [1, 7], (6, 2), (8, 4), [5, 9]]
0
4
4 5 6 
None

58
1
[[0, 4], [1, 8], [2, 3], [2, 7], [2, 8], [3, 4], [3, 7], [4, 7], [4, 8], [4, 9], [5, 7], [6, 7], [8, 9]]
4
8
0 3 7 8 9 
1 2 4 9 

59
1
[[0, 7], [0, 8], [1, 4], [1, 6], [2, 5], [2, 6], [2, 8], [2, 9], [3, 5], [4, 5], [5, 7], [8, 9]]
2
8
5 6 8 9 
0 2 9 

60
0
[(2, 0), [0, 6], (2, 1), (3, 1), (4, 1), [1, 5], (6, 1), (3, 2), [2, 4], (7, 2), [2, 8], [2, 9], (8, 3), [4, 5], (7, 4), [4, 9]]
2
3
0 1 4 8 9 
1 2 

61
1
[[0, 4], [0, 5], [0, 6], [0, 7], [0, 8], [0, 9], [1, 3], [1, 6], [1, 7], [2, 6], [4, 8], [5, 9]]
0
4
4 5 6 7 8 9 
0 8 

62
0
[[0, 1], [0, 3], [0, 4], (2, 1), (5, 1), (5, 2), [3, 4], [5, 7], (8, 5), (9, 5), [6, 9], (9, 7)]
5
2
1 2 7 
1 

63
1
[[0, 1], [0, 2], [0, 6], [1, 5], [1, 7], [2, 7], [3, 4], [3, 5], [3, 8], [5, 6], [6, 8], [8, 9]]
0
2
1 2 6 
0 7 

64
0
[(7, 0), (9, 0), [1, 2], [1, 9], [2, 6], (7, 2), [3, 6], [4, 6], (8, 5), [5, 9], (7, 6), [8, 9]]
6
3
None
6 

65
0
[(2, 0), [0, 3], [0, 4], (8, 0), (6, 1), (9, 1), [2, 5], (9, 2), [3, 9], [5, 7], (8, 5), (8, 6)]
0
3
3 4 
9 

66
1
[[0, 3], [0, 4], [0, 7], [1, 2], [2, 7], [2, 8], [3, 8], [4, 5], [4, 8], [5, 9], [6, 7], [6, 8], [7, 8], [7, 9], [8, 9]]
8
2
2 3 4 6 7 9 
1 7 8 

67
0
[(1, 0), [0, 2], [0, 8], (9, 0), (6, 1), (3, 2), [2, 5], [2, 6], (6, 3), [4, 6], [5, 7], (9, 5), [6, 7], (9, 8)]
6
1
1 3 7 
0 

68
1
[[0, 7], [0, 8], [1, 7], [1, 8], [2, 3], [2, 6], [2, 9], [3, 5], [3, 9], [4, 6], [6, 7], [7, 8]]
7
0
0 1 6 8 
7 8 

69
1
[[0, 4], [0, 6], [0, 9], [1, 6], [1, 9], [2, 4], [2, 5], [3, 7], [3, 9], [6, 8], [6, 9], [7, 9]]
9
0
0 1 3 6 7 
4 6 9 

70
0
[[0, 3], [0, 4], (6, 0), [1, 3], (4, 1), [1, 5], [1, 6], [2, 8], (6, 3), (8, 3), (9, 3), (6, 4), (7, 4), [6, 9], (9, 8)]
3
1
None
3 5 6 

71
0
[[0, 2], (4, 0), [0, 6], [0, 7], (8, 0), (5, 1), [2, 3], [2, 4], [3, 4], [4, 5], (7, 4), (8, 5), (9, 6), [7, 8], [8, 9]]
0
8
2 6 7 
0 5 9 

72
1
[[2, 4], [2, 1], [2, 7], [4, 5], [4, 8], [4, 0], [1, 6], [1, 9], [1, 0], [1, 8], [7, 3], [7, 9], [3, 0], [3, 6], [6, 8], [8, 0], [0, 5], [9, 5]]
1
8
2 6 9 0 8 
4 1 6 0 

73
1
[[0, 1], [1, 3], [1, 4], [1, 9], [2, 4], [3, 7], [3, 9], [4, 5], [4, 6], [4, 8], [7, 8], [7, 9]]
4
8
1 2 5 6 8 
4 7 

74
0
[(1, 0), (3, 0), [0, 9], (4, 1), (9, 1), (7, 2), (5, 3), (7, 3), [4, 6], [5, 6], [5, 7], [5, 9], (7, 6), [6, 8], [7, 8]]
7
3
2 3 6 8 
0 

75
0
[[0, 7], [0, 6], (2, 0), [7, 9], (4, 7), [7, 6], [3, 8], [3, 2], [3, 1], [8, 5], [8, 9], (5, 1), (4, 1), [5, 6], [4, 9], (6, 4), (2, 6)]
6
0
4 
7 6 

76
0
[(1, 0), [0, 3], (6, 0), [1, 4], [1, 5], [2, 5], (9, 2), [4, 5], (6, 5), (8, 5), (8, 6), [7, 9], (9, 8)]
5
2
None
5 

77
0
[[0, 3], (6, 1), [1, 8], (4, 2), [2, 5], (7, 3), [3, 8], [3, 9], (8, 4), [5, 6], (7, 5), (8, 7)]
3
7
8 9 
3 5 

78
0
[(2, 0), (4, 0), (5, 0), [0, 8], (9, 0), (2, 1), (3, 1), (4, 1), [2, 3], (5, 2), (7, 2), (6, 3), (7, 3), [4, 8], [5, 6], (9, 5)]
0
5
8 
0 2 6 

79
0
[[0, 6], (2, 1), (4, 1), [1, 9], (3, 2), [2, 4], [2, 7], (8, 2), [3, 4], (5, 3), [3, 8], (8, 6), [7, 8], [8, 9]]
2
3
1 4 7 
2 4 8 

80
1
[[0, 2], [0, 4], [0, 9], [1, 2], [1, 3], [1, 4], [1, 5], [1, 6], [1, 7], [1, 8], [1, 9], [2, 3], [4, 5], [4, 6], [5, 7], [5, 8]]
1
2
2 3 4 5 6 7 8 9 
0 1 3 

81
0
[(4, 0), [0, 5], (6, 0), [0, 7], [1, 4], [1, 9], (6, 2), [3, 4], [4, 8], [5, 8], [5, 9], (9, 8)]
0
5
5 7 
8 9 

82
1
[[0, 2], [0, 3], [1, 2], [1, 4], [1, 5], [2, 3], [2, 4], [2, 5], [2, 6], [2, 7], [2, 9], [3, 9], [4, 7], [5, 6], [6, 8], [7, 8]]
2
0
0 1 3 4 5 6 7 9 
2 3 

83
0
[[0, 4], [0, 6], [0, 7], [0, 8], (9, 0), (2, 1), (5, 1), (9, 1), [2, 5], [2, 8], [3, 7], [4, 8], [5, 9], [8, 9]]
0
4
4 6 7 8 
8 

84
1
[[0, 1], [0, 7], [0, 9], [0, 6], [1, 8], [1, 7], [7, 2], [2, 4], [2, 3], [4, 5], [4, 8], [6, 8], [6, 3], [6, 9], [9, 5], [3, 5]]
0
1
1 7 9 6 
0 8 7 

85
0
[(2, 0), (7, 0), (9, 0), (3, 1), [1, 6], (5, 2), [2, 6], (5, 3), (8, 3), [4, 8], (7, 6), [6, 9]]
6
1
9 
6 

86
1
[[0, 5], [0, 6], [1, 2], [1, 7], [2, 9], [3, 4], [3, 5], [4, 6], [5, 6], [5, 7], [5, 8], [7, 9]]
5
0
0 3 6 7 8 
5 6 

87
1
[[0, 2], [0, 4], [0, 9], [1, 2], [1, 3], [1, 4], [1, 5], [1, 6], [1, 7], [1, 8], [1, 9], [2, 3], [4, 5], [4, 6], [5, 7], [5, 8]]
1
2
2 3 4 5 6 7 8 9 
0 1 3 

88
0
[[0, 1], (3, 1), (4, 1), [1, 9], [2, 4], (7, 3), [3, 9], [4, 5], [4, 6], (8, 4), (8, 7), [7, 9]]
4
8
1 5 6 
4 7 

89
1
[[0, 2], [0, 4], [0, 6], [0, 7], [0, 8], [1, 5], [2, 3], [2, 4], [3, 4], [4, 5], [4, 7], [5, 8], [6, 9], [7, 8], [8, 9]]
0
8
2 4 6 7 8 
0 5 7 9 

90
0
[[0, 3], (4, 0), (7, 0), (2, 1), [2, 7], [2, 8], [3, 8], (5, 4), [4, 8], (9, 5), (7, 6), [6, 8], [7, 8], (9, 7), [8, 9]]
8
2
9 
1 7 8 

91
1
[[0, 2], [0, 7], [0, 9], [1, 3], [1, 6], [2, 5], [2, 6], [3, 5], [3, 8], [4, 8], [6, 7], [6, 9]]
6
1
1 2 7 9 
3 6 

92
1
[[0, 1], [0, 2], [0, 8], [0, 9], [1, 6], [2, 3], [2, 5], [2, 6], [3, 6], [4, 6], [5, 7], [5, 9], [6, 7], [8, 9]]
6
1
1 2 3 4 7 
0 6 

93
0
[[0, 1], (3, 0), (6, 0), (4, 1), (5, 1), [2, 5], [2, 9], [4, 5], [5, 6], [5, 8], (8, 6), [7, 9], (9, 8)]
5
2
1 6 8 
5 9 

94
0
[[0, 4], (6, 0), [0, 9], [1, 6], [1, 9], (4, 2), [2, 5], [3, 7], [3, 9], (8, 6), [6, 9], (9, 7)]
9
0
7 
4 9 

95
1
[[0, 1], [0, 7], [0, 9], [0, 6], [1, 8], [1, 7], [7, 2], [2, 4], [2, 3], [4, 5], [4, 8], [6, 8], [6, 3], [6, 9], [9, 5], [3, 5]]
0
1
1 7 9 6 
0 8 7 

96
1
[[2, 4], [2, 1], [2, 7], [4, 5], [4, 8], [4, 0], [1, 6], [1, 9], [1, 0], [1, 8], [7, 3], [7, 9], [3, 0], [3, 6], [6, 8], [8, 0], [0, 5], [9, 5]]
1
8
2 6 9 0 8 
4 1 6 0 

97
1
[[0, 5], [0, 6], [1, 2], [1, 7], [2, 9], [3, 4], [3, 5], [4, 6], [5, 6], [5, 7], [5, 8], [7, 9]]
5
0
0 3 6 7 8 
5 6 

98
1
[[0, 4], [0, 5], [0, 6], [0, 7], [1, 4], [1, 9], [2, 6], [3, 4], [4, 8], [5, 8], [5, 9], [8, 9]]
0
5
4 5 6 7 
0 8 9 

99
1
[[0, 3], [1, 6], [1, 8], [2, 4], [2, 5], [3, 7], [3, 8], [3, 9], [4, 8], [5, 6], [5, 7], [7, 8]]
3
7
0 7 8 9 
3 5 8 

100
0
[(1, 0), [0, 3], [0, 4], (2, 1), [1, 5], [2, 5], (4, 3), (7, 5), [5, 8], (9, 5), [6, 9], [7, 9]]
5
2
8 
1 5 

101
1
[[0, 4], [0, 6], [0, 7], [0, 8], [0, 9], [1, 2], [1, 5], [1, 9], [2, 5], [2, 8], [3, 7], [4, 8], [5, 9], [8, 9]]
0
4
4 6 7 8 9 
0 8 

102
1
[[0, 4], [0, 5], [0, 6], [0, 7], [0, 8], [0, 9], [1, 3], [1, 6], [1, 7], [2, 6], [4, 8], [5, 9]]
0
4
4 5 6 7 8 9 
0 8 

103
0
[[0, 7], [0, 8], [1, 7], (8, 1), (3, 2), [2, 6], (9, 2), [3, 5], [3, 9], (6, 4), (7, 6), [7, 8]]
7
0
6 8 
7 8 

104
1
[[0, 6], [1, 2], [1, 4], [1, 9], [2, 3], [2, 4], [2, 7], [2, 8], [3, 4], [3, 5], [3, 8], [6, 8], [7, 8], [8, 9]]
2
3
1 3 4 7 8 
2 4 5 8 

105
1
[[0, 1], [0, 2], [0, 6], [1, 5], [1, 7], [2, 7], [3, 4], [3, 5], [3, 8], [5, 6], [6, 8], [8, 9]]
0
2
1 2 6 
0 7 

106
1
[[0, 7], [0, 8], [1, 4], [1, 6], [2, 5], [2, 6], [2, 8], [2, 9], [3, 5], [4, 5], [5, 7], [8, 9]]
2
8
5 6 8 9 
0 2 9 

107
1
[[0, 2], [0, 4], [0, 5], [0, 8], [0, 9], [1, 2], [1, 3], [1, 4], [2, 3], [2, 5], [2, 7], [3, 6], [3, 7], [4, 8], [5, 6], [5, 9]]
0
5
2 4 5 8 9 
0 2 6 9 

108
1
[[0, 2], [0, 3], [1, 2], [1, 4], [1, 5], [2, 3], [2, 4], [2, 5], [2, 6], [2, 7], [2, 9], [3, 9], [4, 7], [5, 6], [6, 8], [7, 8]]
2
0
0 1 3 4 5 6 7 9 
2 3 

109
0
[(2, 0), [0, 6], [1, 2], [1, 3], [1, 4], (5, 1), (6, 1), (3, 2), [2, 4], (7, 2), (8, 2), [2, 9], (8, 3), [4, 5], [4, 7], (9, 4)]
2
3
0 4 9 
2 

110
0
[(2, 0), [0, 3], (4, 0), [0, 8], [1, 6], (9, 1), [2, 5], (9, 2), (9, 3), (7, 5), (8, 5), [6, 8]]
0
3
3 8 
None

111
1
[[0, 7], [0, 9], [1, 2], [1, 9], [2, 6], [2, 7], [3, 6], [4, 6], [5, 8], [5, 9], [6, 7], [8, 9]]
6
3
2 3 4 7 
6 

112
0
[(3, 0), (4, 0), (6, 0), (3, 1), (4, 1), [1, 5], [1, 6], (8, 2), [3, 6], (8, 3), [3, 9], (6, 4), [4, 7], (9, 6), (9, 8)]
3
1
0 1 6 9 
5 6 

113
1
[[0, 4], [1, 8], [2, 3], [2, 7], [2, 8], [3, 4], [3, 7], [4, 7], [4, 8], [4, 9], [5, 7], [6, 7], [8, 9]]
4
8
0 3 7 8 9 
1 2 4 9 

114
1
[[0, 7], [0, 6], [0, 2], [7, 9], [7, 4], [7, 6], [3, 8], [3, 2], [3, 1], [8, 5], [8, 9], [1, 5], [1, 4], [5, 6], [4, 9], [4, 6], [6, 2]]
6
0
0 7 5 4 2 
7 6 2 

115
0
[(1, 0), (3, 0), (9, 0), (4, 1), (9, 1), (7, 2), (5, 3), (7, 3), (6, 4), [5, 6], (7, 5), [5, 9], [6, 7], [6, 8], (8, 7)]
7
3
2 3 5 
0 

116
0
[[0, 4], (5, 0), [0, 6], (7, 0), [1, 4], (9, 1), (6, 2), [3, 4], [4, 8], [5, 8], (9, 5), [8, 9]]
0
5
4 6 
0 8 

117
0
[(1, 0), [0, 3], [0, 9], (4, 1), (9, 1), (7, 2), (5, 3), (7, 3), (6, 4), (6, 5), (7, 5), [5, 9], [6, 7], (8, 6), (8, 7)]
7
3
2 3 5 
None

118
1
[[0, 2], [0, 4], [0, 6], [0, 7], [0, 8], [1, 5], [2, 3], [2, 4], [3, 4], [4, 5], [4, 7], [5, 8], [6, 9], [7, 8], [8, 9]]
0
8
2 4 6 7 8 
0 5 7 9 

119
1
[[0, 4], [0, 5], [0, 6], [0, 7], [0, 8], [0, 9], [1, 3], [1, 6], [1, 7], [2, 6], [4, 8], [5, 9]]
0
4
4 5 6 7 8 9 
0 8 

120
1
[[0, 6], [1, 2], [1, 4], [1, 9], [2, 3], [2, 4], [2, 7], [2, 8], [3, 4], [3, 5], [3, 8], [6, 8], [7, 8], [8, 9]]
2
3
1 3 4 7 8 
2 4 5 8 

121
0
[(4, 0), [0, 6], (7, 0), [0, 8], (9, 0), [1, 2], [1, 5], (9, 1), (5, 2), (8, 2), [3, 7], [4, 8], [5, 9], (9, 8)]
0
4
6 8 
0 8 

122
0
[[0, 2], [0, 7], (9, 0), (3, 1), [1, 6], [2, 5], (6, 2), (5, 3), [3, 8], (8, 4), (7, 6), [6, 9]]
6
1
2 9 
6 

123
1
[[0, 2], [0, 3], [0, 4], [0, 8], [1, 6], [1, 9], [2, 5], [2, 9], [3, 9], [5, 7], [5, 8], [6, 8]]
0
3
2 3 4 8 
0 9 

124
1
[[0, 7], [0, 6], [0, 2], [7, 9], [7, 4], [7, 6], [3, 8], [3, 2], [3, 1], [8, 5], [8, 9], [1, 5], [1, 4], [5, 6], [4, 9], [4, 6], [6, 2]]
6
0
0 7 5 4 2 
7 6 2 

125
1
[[0, 3], [0, 4], [0, 7], [1, 2], [2, 7], [2, 8], [3, 8], [4, 5], [4, 8], [5, 9], [6, 7], [6, 8], [7, 8], [7, 9], [8, 9]]
8
2
2 3 4 6 7 9 
1 7 8 

126
1
[[0, 1], [0, 2], [0, 8], [0, 9], [1, 6], [2, 3], [2, 5], [2, 6], [3, 6], [4, 6], [5, 7], [5, 9], [6, 7], [8, 9]]
6
1
1 2 3 4 7 
0 6 

127
1
[[0, 7], [0, 9], [1, 2], [1, 9], [2, 6], [2, 7], [3, 6], [4, 6], [5, 8], [5, 9], [6, 7], [8, 9]]
6
3
2 3 4 7 
6 

128
0
[[0, 1], (7, 0), [0, 9], (6, 0), [1, 8], (7, 1), [7, 2], (4, 2), (3, 2), [4, 5], (8, 4), [6, 8], (3, 6), (9, 6), (5, 9), (5, 3)]
0
1
1 9 
8 

129
1
[[0, 5], [0, 6], [1, 2], [1, 7], [2, 9], [3, 4], [3, 5], [4, 6], [5, 6], [5, 7], [5, 8], [7, 9]]
5
0
0 3 6 7 8 
5 6 

130
0
[[0, 1], (3, 0), (6, 0), [1, 4], (5, 1), (5, 2), (9, 2), [4, 5], (6, 5), [5, 8], (8, 6), (9, 7), [8, 9]]
5
2
1 2 8 
None

131
0
[(4, 0), [1, 8], [2, 3], (7, 2), (8, 2), (4, 3), [3, 7], (7, 4), (8, 4), (9, 4), (7, 5), (7, 6), [8, 9]]
4
8
0 3 
2 4 9 

132
1
[[0, 2], [0, 6], [1, 2], [1, 3], [1, 4], [1, 5], [1, 6], [2, 3], [2, 4], [2, 7], [2, 8], [2, 9], [3, 8], [4, 5], [4, 7], [4, 9]]
2
3
0 1 3 4 7 8 9 
1 2 8 

133
1
[[0, 1], [0, 3], [0, 4], [1, 2], [1, 5], [2, 5], [3, 4], [5, 7], [5, 8], [5, 9], [6, 9], [7, 9]]
5
2
1 2 7 8 9 
1 5 

134
1
[[0, 4], [0, 6], [0, 9], [1, 6], [1, 9], [2, 4], [2, 5], [3, 7], [3, 9], [6, 8], [6, 9], [7, 9]]
9
0
0 1 3 6 7 
4 6 9 

135
0
[[0, 3], [1, 6], [1, 8], (4, 2), [2, 5], [3, 7], [3, 8], [3, 9], [4, 8], (6, 5), (7, 5), [7, 8]]
3
7
7 8 9 
5 8 

136
1
[[2, 4], [2, 1], [2, 7], [4, 5], [4, 8], [4, 0], [1, 6], [1, 9], [1, 0], [1, 8], [7, 3], [7, 9], [3, 0], [3, 6], [6, 8], [8, 0], [0, 5], [9, 5]]
1
8
2 6 9 0 8 
4 1 6 0 

137
0
[(1, 0), [1, 3], [1, 4], (9, 1), [2, 4], [3, 7], [3, 9], (5, 4), [4, 6], [4, 8], (8, 7), [7, 9]]
4
8
6 8 
7 

138
1
[[0, 2], [0, 3], [1, 2], [1, 4], [1, 5], [2, 3], [2, 4], [2, 5], [2, 6], [2, 7], [2, 9], [3, 9], [4, 7], [5, 6], [6, 8], [7, 8]]
2
0
0 1 3 4 5 6 7 9 
2 3 

139
1
[[0, 3], [0, 4], [0, 6], [1, 3], [1, 4], [1, 5], [1, 6], [2, 8], [3, 6], [3, 8], [3, 9], [4, 6], [4, 7], [6, 9], [8, 9]]
3
1
0 1 6 8 9 
3 4 5 6 

140
0
[(1, 0), [0, 2], [0, 6], (5, 1), [1, 7], [2, 7], (4, 3), [3, 5], [3, 8], [5, 6], (8, 6), (9, 8)]
0
2
2 6 
7 

141
0
[[0, 7], [0, 8], (4, 1), [1, 6], [2, 5], [2, 6], (8, 2), [2, 9], (5, 3), [4, 5], [5, 7], [8, 9]]
2
8
5 6 9 
2 9 

142
0
[(7, 0), (8, 0), (7, 1), (8, 1), [2, 3], [2, 6], (9, 2), (5, 3), (9, 3), (6, 4), (7, 6), [7, 8]]
7
0
0 1 6 8 
None

143
1
[[0, 2], [0, 4], [0, 9], [1, 2], [1, 3], [1, 4], [1, 5], [1, 6], [1, 7], [1, 8], [1, 9], [2, 3], [4, 5], [4, 6], [5, 7], [5, 8]]
1
2
2 3 4 5 6 7 8 9 
0 1 3 

144
0
[(2, 0), [0, 4], (5, 0), [0, 8], [0, 9], (2, 1), [1, 3], (4, 1), (3, 2), (5, 2), [2, 7], (6, 3), (7, 3), (8, 4), (6, 5), (9, 5)]
0
5
4 8 9 
0 2 

145
1
[[0, 1], [0, 2], [0, 8], [0, 9], [1, 6], [2, 3], [2, 5], [2, 6], [3, 6], [4, 6], [5, 7], [5, 9], [6, 7], [8, 9]]
6
1
1 2 3 4 7 
0 6 

146
1
[[0, 1], [0, 3], [0, 6], [1, 4], [1, 5], [2, 5], [2, 9], [4, 5], [5, 6], [5, 8], [6, 8], [7, 9], [8, 9]]
5
2
1 2 4 6 8 
5 9 

147
1
[[0, 2], [0, 3], [0, 4], [0, 8], [1, 6], [1, 9], [2, 5], [2, 9], [3, 9], [5, 7], [5, 8], [6, 8]]
0
3
2 3 4 8 
0 9 

148
1
[[0, 3], [0, 4], [0, 7], [1, 2], [2, 7], [2, 8], [3, 8], [4, 5], [4, 8], [5, 9], [6, 7], [6, 8], [7, 8], [7, 9], [8, 9]]
8
2
2 3 4 6 7 9 
1 7 8 

149
1
[[0, 4], [0, 5], [0, 6], [0, 7], [1, 4], [1, 9], [2, 6], [3, 4], [4, 8], [5, 8], [5, 9], [8, 9]]
0
5
4 5 6 7 
0 8 9 