
call 1.bat

=1_1.py
<class 'dict'>

=1_2.py
3 2 5 6 
=1_3.py
0 5 4 5 ERR

=1_5.py
-10

=1_7.py
2 0 1 9 8 5 6 7 10 4 3

=1_8.py
1 2 3 4 6

call 2.bat

=2_1.py
<class 'list'>

=2_2.py
87 47 88 33 
=2_3.py
0 1 5 3

=2_5.py
-6

=2_7.py
4 6 8 10 0 1 9 2 3 5 7

=2_8.py
4 5

call 3.bat

=3_1.py
<class 'set'>

=3_2.py
38 2 40 9 48 4 
=3_3.py
0 5 5 5 2

=3_5.py
-9

=3_7.py
5 10 6 9 0 11 4 3 2 8 1 7

=3_8.py
2 3 4 6

call 4.bat

=4_1.py
<class 'dict'>

=4_2.py
(52, 3) (48, 2) (73, 3) (41, 6) (43, 9) 
=4_3.py
0 4 5 3

=4_5.py
6

=4_7.py
5 0 3 8 10 4 9 7 6 1 2

=4_8.py
5 6

call 5.bat

=5_1.py
<class 'set'>

=5_2.py
23 3 74 8 44 6 29 1 
=5_3.py
0 1 5 3

=5_5.py
12

=5_7.py
0 9 5 1 3 4 8 10 6 11 7 2

=5_8.py
1 2 4 5 6

call 6.bat

=6_1.py
<class 'list'>

=6_2.py
63 50 62 
=6_3.py
0 2 5 2 ERR

=6_5.py
-4

=6_7.py
2 9 1 0 8 5 4 3 6 7 10

=6_8.py
1 4 6

call 7.bat

=7_1.py
<class 'dict'>

=7_2.py
25 44 55 
=7_3.py
0 5 4 5 ERR

=7_5.py
7

=7_7.py
11 6 1 10 2 0 7 4 9 5 3 8

=7_8.py
1 3 4 5 6

call 8.bat

=8_1.py
<class 'dict'>

=8_2.py
23 9 24 6 48 8 
=8_3.py
0 5 4 5 ERR

=8_5.py
-6

=8_7.py
10 4 7 6 1 3 0 2 8 9 5

=8_8.py
1 2 3 4 6

call 9.bat

=9_1.py
<class 'tuple'>

=9_2.py
50 7 18 8 77 1 80 8 31 1 
=9_3.py
4 1 5 3

=9_5.py
-3

=9_7.py
7 11 10 8 9 3 0 4 6 5 2 1

=9_8.py
1 2 3 6

call 10.bat

=10_1.py
<class 'list'>

=10_2.py
77 81 83 70 
=10_3.py
0 5 5 5 2

=10_5.py
0

=10_7.py
3 2 0 4 5 9 8 1 7 6 10

=10_8.py
4 5

call 11.bat

=11_1.py
<class 'dict'>

=11_2.py
2 0 9 7 
=11_3.py
4 1 5 3

=11_5.py
9

=11_7.py
3 7 9 6 0 1 2 8 5 4 10

=11_8.py
1 2 3 4 6

call 12.bat

=12_1.py
<class 'dict'>

=12_2.py
(55, 2) (71, 2) (73, 8) (12, 4) (18, 8) 
=12_3.py
0 2 5 2 ERR

=12_5.py
3

=12_7.py
10 9 6 1 7 3 8 2 4 0 5

=12_8.py
2 4 5

call 13.bat

=13_1.py
<class 'tuple'>

=13_2.py
0 7 2 
=13_3.py
0 1 5 3

=13_5.py
4

=13_7.py
10 7 1 11 9 4 6 8 2 0 3 5

=13_8.py
2 3 4 5

call 14.bat

=14_1.py
<class 'set'>

=14_2.py
77 16 84 58 
=14_3.py
0 4 5 3

=14_5.py
5

=14_7.py
1 3 10 5 4 9 7 2 8 6 0

=14_8.py
2 6

call 15.bat

=15_1.py
<class 'list'>

=15_2.py
72 6 84 1 73 7 28 4 
=15_3.py
0 5 4 5 ERR

=15_5.py
1

=15_7.py
8 9 4 2 7 10 6 5 0 3 1 11

=15_8.py
1 2 4 5 6

call 16.bat

=16_1.py
<class 'dict'>

=16_2.py
(31, 9) (41, 8) (10, 9) (40, 1) (83, 5) 
=16_3.py
0 5 ERR

=16_5.py
-4

=16_7.py
7 8 0 1 11 9 5 4 10 6 3 2

=16_8.py
2 5 6

call 17.bat

=17_1.py
<class 'set'>

=17_2.py
38 63 45 82 18 
=17_3.py
0 5 5 5 2

=17_5.py
1

=17_7.py
6 10 8 11 9 4 3 5 1 0 2 7

=17_8.py
1 3 5

call 18.bat

=18_1.py
<class 'set'>

=18_2.py
50 3 70 4 87 2 36 2 
=18_3.py
0 1 5 3

=18_5.py
-2

=18_7.py
10 3 11 5 1 8 7 9 4 0 6 2

=18_8.py
1 3 4 5 6

call 19.bat

=19_1.py
<class 'tuple'>

=19_2.py
65 6 81 1 72 4 
=19_3.py
0 5 4 5 ERR

=19_5.py
-5

=19_7.py
2 0 8 6 3 7 4 10 9 5 1

=19_8.py
1 2 6

call 20.bat

=20_1.py
<class 'dict'>

=20_2.py
9 0 7 0 6 3 
=20_3.py
0 2 5 2 ERR

=20_5.py
5

=20_7.py
1 9 6 7 4 3 2 8 0 5 11 10

=20_8.py
2 3 4 6

call 21.bat

=21_1.py
<class 'set'>

=21_2.py
42 5 87 8 34 2 
=21_3.py
0 1 5 3

=21_5.py
2

=21_7.py
10 4 6 0 9 7 1 2 5 8 3 11

=21_8.py
4 5 6

call 22.bat

=22_1.py
<class 'list'>

=22_2.py
(76, 4) (56, 7) (67, 3) 
=22_3.py
0 5 4 5 ERR

=22_5.py
-10

=22_7.py
0 4 5 10 6 7 9 2 8 1 3 11

=22_8.py
2 3 5 6

call 23.bat

=23_1.py
<class 'set'>

=23_2.py
36 85 68 
=23_3.py
0 5 5 5 2

=23_5.py
-1

=23_7.py
6 0 10 2 9 7 8 1 4 5 3

=23_8.py
1 5 6

call 24.bat

=24_1.py
<class 'set'>

=24_2.py
30 71 10 37 
=24_3.py
4 1 5 3

=24_5.py
-1

=24_7.py
0 6 7 1 2 5 9 8 10 3 4

=24_8.py
2 4 6

call 25.bat

=25_1.py
<class 'dict'>

=25_2.py
46 48 74 79 
=25_3.py
0 1 5 3

=25_5.py
-9

=25_7.py
2 8 1 0 3 10 7 4 6 9 5

=25_8.py
1 2 5 6

call 26.bat

=26_1.py
<class 'dict'>

=26_2.py
28 3 34 5 37 2 66 1 
=26_3.py
0 4 5 3

=26_5.py
0

=26_7.py
2 10 7 0 11 4 9 5 1 8 6 3

=26_8.py
1 2 4 6

call 27.bat

=27_1.py
<class 'tuple'>

=27_2.py
77 8 65 5 30 1 50 8 
=27_3.py
0 2 5 2 ERR

=27_5.py
-3

=27_7.py
11 0 3 2 5 9 8 4 6 1 7 10

=27_8.py
1 2 5

call 28.bat

=28_1.py
<class 'dict'>

=28_2.py
(34, 2) (21, 6) (67, 7) (68, 2) (24, 5) 
=28_3.py
4 1 5 3

=28_5.py
-7

=28_7.py
0 9 8 3 10 5 6 2 7 4 1

=28_8.py
1 2 3 4

call 29.bat

=29_1.py
<class 'list'>

=29_2.py
5 9 7 
=29_3.py
0 1 5 3

=29_5.py
1

=29_7.py
4 6 8 11 9 7 3 10 5 2 0 1

=29_8.py
1 5

call 30.bat

=30_1.py
<class 'dict'>

=30_2.py
75 56 63 47 64 
=30_3.py
0 5 4 5 ERR

=30_5.py
5

=30_7.py
6 10 7 1 9 5 3 4 2 8 0

=30_8.py
1 2 4 5 6

call 31.bat

=31_1.py
<class 'dict'>

=31_2.py
55 19 22 53 11 
=31_3.py
0 1 5 3

=31_5.py
2

=31_7.py
10 4 0 3 8 2 7 6 11 9 1 5

=31_8.py
4 5 6

call 32.bat

=32_1.py
<class 'list'>

=32_2.py
89 53 80 30 
=32_3.py
0 2 5 2 ERR

=32_5.py
-10

=32_7.py
9 8 5 2 1 10 7 3 4 6 0

=32_8.py
1 3 4 5 6

call 33.bat

=33_1.py
<class 'dict'>

=33_2.py
5 6 5 2 2 
=33_3.py
0 4 5 3

=33_5.py
-2

=33_7.py
9 2 10 6 7 11 5 1 8 0 4 3

=33_8.py
1 5

call 34.bat

=34_1.py
<class 'list'>

=34_2.py
(63, 3) (57, 0) (65, 0) (46, 3) (18, 4) 
=34_3.py
4 1 5 3

=34_5.py
5

=34_7.py
7 8 5 10 1 2 4 9 0 3 6

=34_8.py
1 3 4 5 6

call 35.bat

=35_1.py
<class 'tuple'>

=35_2.py
10 2 24 6 37 8 77 1 
=35_3.py
0 5 ERR

=35_5.py
8

=35_7.py
5 7 0 6 1 4 9 3 10 8 2

=35_8.py
3 4

call 36.bat

=36_1.py
<class 'dict'>

=36_2.py
34 8 13 9 22 0 69 2 
=36_3.py
0 1 5 3

=36_5.py
6

=36_7.py
11 8 0 5 3 4 10 2 9 1 7 6

=36_8.py
1 2 3 5 6

call 37.bat

=37_1.py
<class 'list'>

=37_2.py
(21, 9) (57, 5) (89, 9) (32, 8) 
=37_3.py
4 1 5 3

=37_5.py
4

=37_7.py
8 0 9 5 1 3 4 10 2 6 7

=37_8.py
1 2 3 4 6

call 38.bat

=38_1.py
<class 'dict'>

=38_2.py
28 34 44 
=38_3.py
0 1 5 3

=38_5.py
6

=38_7.py
4 7 0 11 3 1 10 8 6 2 9 5

=38_8.py
3 5

call 39.bat

=39_1.py
<class 'list'>

=39_2.py
3 9 6 2 
=39_3.py
0 4 5 3

=39_5.py
-6

=39_7.py
8 6 1 11 7 2 4 3 10 0 5 9

=39_8.py
1 4 6

call 40.bat

=40_1.py
<class 'set'>

=40_2.py
10 4 48 0 64 4 35 3 76 9 
=40_3.py
0 5 4 5 ERR

=40_5.py
-7

=40_7.py
2 3 10 8 0 5 7 6 1 11 4 9

=40_8.py
1 2 3 5 6

call 41.bat

=41_1.py
<class 'list'>

=41_2.py
47 1 20 1 87 3 50 8 
=41_3.py
0 1 5 3

=41_5.py
7

=41_7.py
8 10 1 4 5 2 7 9 0 3 6

=41_8.py
2 5 6

call 42.bat

=42_1.py
<class 'list'>

=42_2.py
84 25 51 47 
=42_3.py
0 2 5 2 ERR

=42_5.py
3

=42_7.py
4 0 7 10 9 3 6 5 2 8 1

=42_8.py
4 5

call 43.bat

=43_1.py
<class 'dict'>

=43_2.py
7 0 9 3 3 
=43_3.py
0 5 5 5 2

=43_5.py
-2

=43_7.py
2 0 6 1 4 3 5 8 10 9 7

=43_8.py
1 2 3 5

call 44.bat

=44_1.py
<class 'dict'>

=44_2.py
37 39 75 72 77 
=44_3.py
0 5 4 5 ERR

=44_5.py
10

=44_7.py
10 7 4 8 5 0 2 9 6 3 1

=44_8.py
2 3 4 5

call 45.bat

=45_1.py
<class 'set'>

=45_2.py
11 88 40 
=45_3.py
4 1 5 3

=45_5.py
9

=45_7.py
6 3 10 2 0 1 5 7 4 9 8

=45_8.py
1 2 4 5

call 46.bat

=46_1.py
<class 'set'>

=46_2.py
39 9 55 9 30 4 70 0 58 3 
=46_3.py
0 1 5 3

=46_5.py
-8

=46_7.py
3 8 1 9 11 6 4 10 0 7 2 5

=46_8.py
2 3

call 47.bat

=47_1.py
<class 'dict'>

=47_2.py
(52, 0) (55, 9) (21, 9) (36, 5) (67, 5) 
=47_3.py
0 5 ERR

=47_5.py
4

=47_7.py
9 1 4 8 5 3 10 6 2 7 0

=47_8.py
1 5 6

call 48.bat

=48_1.py
<class 'tuple'>

=48_2.py
32 3 70 2 67 7 83 7 
=48_3.py
0 2 5 2 ERR

=48_5.py
-6

=48_7.py
9 5 8 6 0 3 2 7 1 4 10

=48_8.py
1 3 5 6

call 49.bat

=49_1.py
<class 'dict'>

=49_2.py
78 38 19 51 
=49_3.py
0 2 5 2 ERR

=49_5.py
8

=49_7.py
5 3 1 8 0 10 9 6 7 2 11 4

=49_8.py
1 2 3 5

call 50.bat

=50_1.py
<class 'set'>

=50_2.py
62 35 54 84 67 
=50_3.py
0 5 ERR

=50_5.py
1

=50_7.py
3 2 6 1 8 5 4 7 0 10 9

=50_8.py
1 4 5 6

call 51.bat

=51_1.py
<class 'dict'>

=51_2.py
28 0 17 0 58 3 38 2 
=51_3.py
0 2 5 2 ERR

=51_5.py
1

=51_7.py
5 4 2 0 3 1 11 8 7 10 6 9

=51_8.py
1 2 4 5 6

call 52.bat

=52_1.py
<class 'dict'>

=52_2.py
72 7 36 3 44 3 49 5 47 3 
=52_3.py
0 4 5 3

=52_5.py
0

=52_7.py
4 6 8 1 5 9 2 3 10 0 7

=52_8.py
2 4

call 53.bat

=53_1.py
<class 'tuple'>

=53_2.py
2 1 1 9 
=53_3.py
0 5 ERR

=53_5.py
-1

=53_7.py
8 2 3 4 5 6 10 1 9 0 7

=53_8.py
1 4 5 6

call 54.bat

=54_1.py
<class 'list'>

=54_2.py
(27, 1) (26, 4) (63, 7) (50, 6) (44, 9) 
=54_3.py
0 1 5 3

=54_5.py
-9

=54_7.py
1 6 9 3 7 8 4 10 2 0 5

=54_8.py
1 3 4 6

call 55.bat

=55_1.py
<class 'dict'>

=55_2.py
(87, 9) (35, 7) (54, 9) (39, 7) 
=55_3.py
0 4 5 3

=55_5.py
0

=55_7.py
6 9 5 1 8 3 4 2 11 0 10 7

=55_8.py
1 5 6

call 56.bat

=56_1.py
<class 'list'>

=56_2.py
4 8 5 8 7 
=56_3.py
0 1 5 3

=56_5.py
-3

=56_7.py
3 10 4 1 9 6 0 8 2 7 5

=56_8.py
2 4 5 6

call 57.bat

=57_1.py
<class 'list'>

=57_2.py
39 22 70 66 
=57_3.py
4 1 5 3

=57_5.py
-2

=57_7.py
1 7 0 5 4 2 10 6 3 8 9

=57_8.py
1 2 4 5 6

call 58.bat

=58_1.py
<class 'set'>

=58_2.py
79 9 87 7 83 3 47 7 
=58_3.py
0 1 5 3

=58_5.py
1

=58_7.py
6 4 8 0 9 2 7 1 3 10 5

=58_8.py
2 5 6

call 59.bat

=59_1.py
<class 'set'>

=59_2.py
15 23 22 
=59_3.py
0 2 5 2 ERR

=59_5.py
2

=59_7.py
8 1 6 9 10 4 3 2 5 0 7

=59_8.py
1 3 4

call 60.bat

=60_1.py
<class 'dict'>

=60_2.py
81 1 42 5 32 0 67 1 
=60_3.py
0 5 4 5 ERR

=60_5.py
-12

=60_7.py
4 0 7 9 3 10 11 1 5 2 8 6

=60_8.py
1 2 3 4 6
